0.25549725
0.11551198
0.10383622
0.09260932
0.09752477
0.08305838
0.077421024
0.08013067
0.07129228
0.08917192
0.08567064
0.068868004
0.06525193
0.05576119
0.06045399
0.07178347
0.05341569
0.06171762
0.062134214
0.050780147
0.06280417
0.054516114
0.06598148
0.06252276
0.053672623
0.05110275
0.05050727
0.08171846
0.063406095
0.045383148
0.0516701
0.052450303
0.06166343
0.061316904
0.044144046
0.056027398
0.053940512
0.12021819
0.0559341
0.05211344
0.06035228
0.050652415
0.053577557
0.055461287
0.051455557
0.051015068
0.06333154
0.057441298
0.045235105
0.06941515
0.056522988
0.054630715
0.05868031
0.047208823
0.049780637
0.052184723
0.045482725
0.055141777
0.058907673
0.04339236
0.057620734
0.057552084
0.054352567
0.061987154
0.046881363
0.04472176
0.042934135
0.060316842
0.04880134
0.044726133
0.04135637
0.057150498
0.048549708
0.039869986
0.041936643
0.052096047
0.04707337
0.04412742
0.045738075
0.042935334
0.05510909
0.044450507
0.044899613
0.04595302
0.039778955
0.042148292
0.039992783
0.04408452
0.052449256
0.047914967
0.04591825
0.039337553
0.046938397
0.04419632
0.05357475
0.047063135
0.04206096
0.04968729
0.04260246
0.04553744
0.039878324
0.031299453
0.049570225
0.052411433
0.05032233
0.05029091
0.042129226
0.048418097
0.037858956
0.037458424
0.043026786
0.045096103
0.041020505
0.04134976
0.039440304
0.044796653
0.040326636
0.038438756
0.041004203
0.040937368
0.037556417
0.0543164
0.04803097
0.06296379
0.038728148
0.051738694
0.054621622
0.04983932
0.048717134
0.036545154
0.06893189
0.03557489
0.055097166
0.046634983
0.043606095
0.043358285
0.043304108
0.042733595
0.044359997
0.041751012
0.044899337
0.04304611
0.043166514
0.043683745
0.03474168
0.041148216
0.038157344
0.052441947
0.043466583
0.040129133
0.04241272
0.04423869
0.0388261
0.044653963
0.036574956
0.04360574
0.05010242
0.037407458
0.047421504
0.03394212
0.03460771
0.049548246
0.033748522
0.040560525
0.047473244
0.04780384
0.043719493
0.043226562
0.042354
0.043966513
0.038357254
0.043949053
0.044211846
0.035213966
0.033638064
0.049856365
0.04278397
0.0398022
0.046321265
0.041910715
0.036290787
0.029588282
0.035217203
0.045289412
0.04037977
0.06856628
0.038616072
0.040313974
0.038634304
0.03944737
0.051978827
0.04768116
0.035669632
0.06427367
0.04266437
0.03775514
0.038278054
0.048698552
0.040017243
0.03827174
0.044953313
0.04312209
0.04110226
0.07242063
0.03645356
0.048371255
0.035000637
0.048210323
0.03765913
0.038876817
0.03786453
0.04380475
0.044395916
0.03950395
0.05090971
0.04351286
0.038766425
0.037319325
0.044767775
0.047352377
0.039114133
0.05041845
0.039215665
0.033581264
0.041290887
0.03755981
0.042271324
0.035330422
0.11239755
0.04045373
0.04581461
0.046289716
0.03847707
0.04365924
0.034988075
0.039107893
0.032799125
0.034751937
0.052374672
0.04052591
0.04021053
0.039040927
0.030682372
0.049249455
0.038212664
0.036027525
0.039913483
0.04636006
0.038896576
0.03555423
0.030547516
0.041991305
0.048969433
0.045248933
0.041196704
0.04083754
0.05556199
0.059028115
0.032552037
0.028719366
0.032938898
0.044484153
0.04600806
0.03342053
0.03988365
0.050333504
0.035783567
0.051508084
0.048666246
0.043657795
0.031474613
0.040397458
0.030760635
0.04030734
0.045972
0.04760387
0.03760052
0.03584326
0.03544496
0.038932275
0.034235522
0.03757137
0.042049237
0.03743463
0.065768294
0.032579616
0.04596643
0.04300963
0.043745026
0.03815771
0.03608086
0.05048935
0.035297487
0.030947912
0.03581649
0.027132142
0.034747206
0.043677226
0.041024238
0.041115344
0.03655179
0.034984168
0.029837826
0.05098312
0.040646028
0.03862139
0.033866055
0.042451896
0.048575293
0.035202228
0.034877837
0.032742262
0.031945772
0.041350596
0.05237622
0.03147353
0.03525558
0.043890577
0.03771918
0.038083702
0.035391867
0.035237804
0.051786706
0.027120076
0.031407617
0.037248865
0.031065956
0.032445855
0.040639058
0.033483606
0.03702068
0.037507825
0.035141274
0.035614897
0.03528754
0.0329216
0.043416806
0.041901857
0.031076271
0.035198364
0.031585276
0.036612093
0.03256824
0.035768293
0.0486521
0.032269545
0.035789207
0.03621015
0.04001382
0.04215359
0.03300593
0.031051155
0.028272387
0.045612805
0.037822116
0.061127227
0.031232126
0.040906906
0.041465316
0.042887755
0.059366472
0.03048174
0.037327163
0.03984925
0.041000642
0.038087167
0.044836365
0.04277534
0.039906017
0.04390215
0.027460402
0.03283906
0.03395217
0.038892463
0.040284134
0.046717327
0.050157137
0.04358522
0.046938896
0.03447798
0.030662116
0.040670805
0.063295215
0.0403132
0.0328177
0.031370558
0.036568552
0.03555179
0.035057537
0.039272863
0.048303265
0.043215066
0.03277652
0.02912879
0.043359697
0.031091988
0.04717181
0.033912018
0.031440936
0.03849026
0.031767264
0.03337258
0.030967252
0.03631749
0.03931381
0.04312198
0.04181723
0.036602065
0.038513184
0.033322573
0.038847156
0.040752057
0.04258454
0.034250163
0.035332885
0.03705417
0.029699815
0.03002904
0.02707051
0.039167847
0.033019084
0.037006535
0.031871915
0.030179482
0.030524133
0.035976976
0.038570393
0.03666021
0.038054228
0.0353984
0.030929975
0.034687236
0.038681187
0.04044386
0.034143332
0.031899445
0.03083307
0.037770014
0.032340482
0.030287292
0.034482602
0.035649016
0.03095123
0.037034553
0.04034464
0.031792738
0.03305804
0.037731405
0.036868177
0.032466114
0.032055747
0.03899689
0.038715027
0.03015031
0.03334027
0.033668756
0.040112913
0.039123878
0.035573248
0.03516615
0.036065407
0.03557954
0.027927065
0.03792572
0.031487364
0.027951097
0.0390028
0.06314192
0.034656707
0.033536285
0.03234312
0.036282547
0.0438535
0.031888455
0.0287201
0.04010892
0.030411448
0.043308906
0.033232808
0.039832145
0.030122772
0.032864906
0.029342316
0.03461292
0.040226452
0.03744989
0.033979483
0.035395905
0.03249702
0.03845322
0.03180196
0.03503017
0.03498768
0.03543228
0.03823872
0.03652902
0.036459826
0.030726437
0.033734232
0.032983333
0.031948946
0.030185856
0.03616736
0.03075735
0.03359677
0.032121066
0.06851651
0.03785897
0.029276878
0.03434584
0.030614188
0.034811117
0.036505822
0.038873345
0.033738118
0.04412034
0.039469466
0.03599093
0.027042327
0.027082406
0.032878544
0.036804583
0.03529608
0.029845059
0.023477409
0.029041
0.031367376
0.029186528
0.028229766
0.039977174
0.031505495
0.02918408
0.0363885
0.023922782
0.026360437
0.04190818
0.028690383
0.028157339
0.03202047
0.03731332
0.02613585
0.04382383
0.027526522
0.02951102
0.029554674
0.03149426
0.03348796
0.0337905
0.034673735
0.03609468
0.029279936
0.038677175
0.02605069
0.028733827
0.02928552
0.043157488
0.042619128
0.03915439
0.027615335
0.042851392
0.03044898
0.032920383
0.03428184
0.028319143
0.033313848
0.029367909
0.026878946
0.035333857
0.03300402
0.03052003
0.029957151
0.030561004
0.036486745
0.0274514
0.029338267
0.032910436
0.029766832
0.03185089
0.044784494
0.029830862
0.030564647
0.032410026
0.029225709
0.028522873
0.037152514
0.035183895
0.032603018
0.028582111
0.039009172
0.0426137
0.030782841
0.030846857
0.036943085
0.032968123
0.030404301
0.033679605
0.038513858
0.035448223
0.0479877
0.033915013
0.025584217
0.035255514
0.04053705
0.035121486
0.033879634
0.034946762
0.029823232
0.034030654
0.03209485
0.035893217
0.034666847
0.048745304
0.034634124
0.031086922
0.04002838
0.053893246
0.03173232
0.027057998
0.040691353
0.048076548
0.029230315
0.057007294
0.030431194
0.025253579
0.02923965
0.029489724
0.030734848
0.031891048
0.028036922
0.041089118
0.031271394
0.028017294
0.027652066
0.041991506
0.038555965
0.02898127
0.033556137
0.03232781
0.03923224
0.029922578
0.0353008
0.035460785
0.025165766
0.027649578
0.0323274
0.029454177
0.03165372
0.0441326
0.028493792
0.0427462
0.034193322
0.038473282
0.031476513
0.039585315
0.03698059
0.039878108
0.034568418
0.03377538
0.031860188
0.025429051
0.033803
0.0367562
0.03384812
0.03270075
0.031404495
0.04475373
0.031181825
0.030762361
0.03622538
0.034787506
0.027538236
0.03493128
0.045928635
0.031906147
0.03476052
0.043512844
0.026434835
0.03773118
0.027834648
0.03112422
0.032253064
0.034378633
0.025890747
0.031453963
0.027286006
0.0330012
0.032021653
0.036703296
0.03889923
0.037816893
0.04481685
0.03465509
0.02978841
0.024859006
0.029697627
0.033749364
0.030999407
0.029258367
0.041746948
0.033948336
0.031346656
0.037529953
0.0252104
0.039757926
0.033497207
0.047274455
0.029647809
0.024546184
0.030159313
0.030705005
0.030529138
0.032875657
0.030808648
0.029628476
0.053787936
0.033922628
0.031038841
0.03953936
0.03061089
0.040134802
0.03234665
0.029277673
0.0268704
0.030514881
0.026050419
0.036259383
0.031006407
0.028408412
0.026859991
0.033811025
0.025145274
0.034504987
0.029974002
0.030868266
0.037049644
0.032171786
0.03590721
0.04245311
0.024545178
0.04188966
0.042519685
0.032704506
0.023137406
0.034863304
0.020827977
0.023271408
0.03156825
0.029852558
0.033118784
0.027469385
0.04365482
0.04283768
0.023378525
0.027621869
0.032666117
0.031393483
0.03199418
0.03289616
0.03276676
0.029098298
0.031042937
0.02842161
0.02227258
0.035172753
0.02402901
0.032259148
0.029492993
0.030781798
0.03382664
0.036235526
0.031618223
0.02920781
0.048509
0.030382553
0.023903843
0.023233365
0.029840585
0.028558213
0.02154349
0.028360212
0.033343695
0.022192799
0.028087165
0.030580034
0.031091554
0.02656376
0.023238365
0.031280883
0.036186725
0.03606948
0.030661248
0.026049579
0.03093772
0.037765995
0.029571481
0.033113
0.026162371
0.02581401
0.032612618
0.034821417
0.035504714
0.030285466
0.02375349
0.029662203
0.03175491
0.03453073
0.030164987
0.034008764
0.03417069
0.028304482
0.028671758
0.021708397
0.026767265
0.030983314
0.025083013
0.024961606
0.024579406
0.029174011
0.025045414
0.03282976
0.027424535
0.037143596
0.030538883
0.027856085
0.034904726
0.033213433
0.028676922
0.042831916
0.028542783
0.034448333
0.03034043
0.03666827
0.024197198
0.031761594
0.026986126
0.025708988
0.03896933
0.03759192
0.026285995
0.028048221
0.025879666
0.026555678
0.03618624
0.034708098
0.041451257
0.031899124
0.031079698
0.026682898
0.044515006
0.026820842
0.02813708
0.06289781
0.02999869
0.026419189
0.034270532
0.02678268
0.027038101
0.033182904
0.028418105
0.038220897
0.052147955
0.030824639
0.032917246
0.025599815
0.027834337
0.045680664
0.026984248
0.028839264
0.046268687
0.033495955
0.03283968
0.030722462
0.027061732
0.023107119
0.029798513
0.028185083
0.03361813
0.034200795
0.02824285
0.022573683
0.023420915
0.030252974
0.025503892
0.030990936
0.02418163
0.037717648
0.030432248
0.040901974
0.029886538
0.041330934
0.032093305
0.033904932
0.029005526
0.034133233
0.028475108
0.029975686
0.03455551
0.029605951
0.024099039
0.02532136
0.035307355
0.02976536
0.036191568
0.029436259
0.03386286
0.027323756
0.027540486
0.02367653
0.040146917
0.02513998
0.025956389
0.023160394
0.030358339
0.030270051
0.03244677
0.028702669
0.03441194
0.032546457
0.022662474
0.029586352
0.026474897
0.02982766
0.027687954
0.024748558
0.02892543
0.03895179
0.035213564
0.029471338
0.029334605
0.030062113
0.024429126
0.0332084
0.035259277
0.03284188
0.024687622
0.025447484
0.033319525
0.02931632
0.029359918
0.026664447
0.030624777
0.029096127
0.0386564
0.026476426
0.04459439
0.033616517
0.033850245
0.030635234
0.023057906
0.025876101
0.022936156
0.031292863
0.03188267
0.04118625
0.033257335
0.026120678
0.02864135
0.032114573
0.028644865
0.031194754
0.03712244
0.040784173
0.033029236
0.025759107
0.035727732
0.03271892
0.03058029
0.02375161
0.030847695
0.02933789
0.021818738
0.029085226
0.035142742
0.030136023
0.023509622
0.033093497
0.036248874
0.033774726
0.03099979
0.026819939
0.026106674
0.027477745
0.034567326
0.02866282
0.031180877
0.044462405
0.035052992
0.02728597
0.029940493
0.028486159
0.030325443
0.024583982
0.035647478
0.033423446
0.026641667
0.024166772
0.035272732
0.026829384
0.028970623
0.026094066
0.025702946
0.027634691
0.033394255
0.031524144
0.023893028
0.030701652
0.025688693
0.030168006
0.025661908
0.023926225
0.032232773
0.025302958
0.026592825
0.032063812
0.024644537
0.026884926
0.030516721
0.023855306
0.027314445
0.026327364
0.035922803
0.03110848
0.027694095
0.031018488
0.040290922
0.02211711
0.02750954
0.03309659
0.024672013
0.03195539
0.03426844
0.027304184
0.028059727
0.026739882
0.02798312
0.027149584
0.025844563
0.029581545
0.022009373
0.02941848
0.027701166
0.026140496
0.033043236
0.03537162
0.031034138
0.03570026
0.02884689
0.029108264
0.03164884
0.031177165
0.02941936
0.020193707
0.033892363
0.03056054
0.034504235
0.028366629
0.03597018
0.02829526
0.033844292
0.031979047
0.0362401
0.02955225
0.032197103
0.03357518
0.031075764
0.025489045
0.027945232
0.029425863
0.02481617
0.031661157
0.026395818
0.02765876
0.025553087
0.025291335
0.029520627
0.031432293
0.034172416
0.032366697
0.02349304
0.028547082
0.03309054
0.024838077
0.036454745
0.025470655
0.024266552
0.032340586
0.039050967
0.033457678
0.029697116
0.022265084
0.025519032
0.034854833
0.031863086
0.030925434
0.0307424
0.021875512
0.023604395
0.029543862
0.025310908
0.027224064
0.034364074
0.03062689
0.030289602
0.035318658
0.019791376
0.029432686
0.041642077
0.027812706
0.039431408
0.030437902
0.024758458
0.039423082
0.04244204
0.029119495
0.030925842
0.027393304
0.031885035
0.022949327
0.031270415
0.029922405
0.029645687
0.029463133
0.032544397
0.030298907
0.03372335
0.030813053
0.038839683
0.027521163
0.027600702
0.035313256
0.040162764
0.02844138
0.02458917
0.03028116
0.024655774
0.032903858
0.03162791
0.03843701
0.025873415
0.028623657
0.025835512
0.028270056
0.027819725
0.020718837
0.032115657
0.024864854
0.026759623
0.025850648
0.026598297
0.03472486
0.026045643
0.05850692
0.032483134
0.026857
0.030139815
0.031424236
0.05520298
0.03238109
0.028220119
0.030634422
0.0284082
0.03134857
0.025671473
0.022990264
0.020922601
0.027845934
0.03770712
0.028867783
0.037180983
0.02198543
0.02737154
0.031093773
0.025069453
0.034775816
0.037484992
0.026302163
0.023226876
0.033509992
0.030677874
0.025972627
0.028555958
0.02502125
0.036807723
0.023705171
0.03197016
0.025631601
0.031608224
0.03657408
0.025429636
0.03215273
0.026210988
0.032729156
0.035061236
0.02579009
0.031876154
0.029939953
0.034485526
0.023990266
0.035589583
0.049758397
0.03485672
0.02408826
0.028046198
0.04581141
0.024859969
0.022742271
0.024438232
0.03125515
0.02903267
0.029371796
0.026116507
0.026214074
0.025648603
0.028861074
0.029921347
0.057658777
0.03665294
0.02653478
0.030918088
0.031135805
0.02332776
0.032922428
0.024625983
0.023238786
0.045704123
0.029236307
0.028145792
0.02550421
0.028551752
0.021412516
0.026917964
0.02820316
0.02606297
0.033841718
0.03064377
0.020579673
0.02747187
0.027470173
0.02957305
0.028995562
0.024716873
0.027971197
0.030861631
0.02435097
0.035648078
0.04016868
0.026016219
0.02844987
0.0321728
0.025674542
0.030850643
0.026839161
0.028312981
0.026422877
0.035805684
0.028731415
0.033761926
0.030526742
0.029317047
0.031211326
0.023570193
0.03048629
0.038784213
0.023969404
0.027554749
0.030411325
0.024210904
0.0243241
0.029059235
0.028185809
0.0329471
0.035794627
0.022729345
0.029857196
0.026364498
0.025701988
0.03853041
0.02357008
0.02125962
0.019441854
0.040044505
0.02034248
0.03478586
0.03079221
0.022077374
0.032781232
0.03227551
0.024991782
0.028812356
0.024108285
0.027952297
0.03011473
0.030245647
0.03763266
0.03189671
0.028358858
0.03859307
0.0250561
0.036087517
0.042069964
0.027099334
0.050011363
0.029935353
0.0313535
0.030904882
0.024286794
0.03401636
0.030981895
0.02879342
0.028012555
0.029852577
0.042966545
0.022598896
0.02791972
0.02276599
0.027487185
0.0269337
0.031883568
0.029759996
0.027391996
0.0277939
0.023110425
0.026275
0.026888337
0.031018905
0.038006775
0.054997325
0.03290762
0.020323792
0.025503581
0.030044645
0.025912452
0.030170647
0.025589215
0.023926951
0.031690724
0.028820066
0.02511988
0.030146096
0.029893244
0.021410614
0.023801122
0.027057808
0.023500968
0.027439652
0.023286836
0.024748277
0.0240358
0.03170775
0.028838525
0.026328266
0.036337815
0.03543862
0.029660456
0.03144512
0.022493292
0.026174743
0.024388213
0.029327912
0.031087572
0.034241177
0.029566009
0.022221344
0.03414709
0.02731522
0.029629104
0.032770887
0.034776255
0.03585227
0.027301455
0.027279958
0.024964975
0.033046614
0.023896616
0.026393512
0.031338155
0.03486596
0.027415857
0.028875727
0.023652155
0.029835923
0.025096208
0.025230745
0.021189064
0.030481044
0.027514173
0.04001966
0.040191025
0.03442513
0.02528382
0.026506804
0.023967506
0.025110736
0.025392365
0.024360128
0.02883711
0.027848344
0.027160414
0.03241767
0.029728983
0.022358323
0.027601486
0.02256369
0.031606995
0.02450268
0.042753145
0.029092696
0.034229837
0.02546814
0.03955795
0.028593743
0.030429054
0.029981665
0.031098135
0.01963108
0.024567854
0.025496788
0.02277467
0.024887193
0.024259938
0.022185124
0.020885892
0.026210552
0.02309858
0.03514282
0.027831335
0.032627434
0.026086835
0.03071704
0.028350767
0.02531385
0.027530923
0.04119211
0.026233781
0.036692183
0.022861654
0.026997713
0.02072969
0.02640861
0.024792213
0.02525733
0.03175842
0.030274674
0.028259918
0.023095684
0.02177941
0.021878645
0.03350492
0.027584216
0.04066136
0.026568439
0.027641188
0.022051062
0.03550397
0.026635336
0.032587204
0.02934178
0.03478148
0.03314925
0.030346334
0.037971344
0.025026381
0.039514583
0.040276624
0.022312976
0.028261233
0.027512241
0.032780103
0.02420085
0.02339881
0.030767834
0.030241765
0.024064284
0.030334394
0.030417211
0.024703108
0.025500603
0.028207202
0.030495632
0.027732221
0.03062851
0.026169293
0.024682542
0.024995288
0.022845743
0.025795873
0.022393782
0.024825322
0.040244758
0.0329397
0.029026702
0.030026186
0.031205146
0.026816424
0.022593636
0.025789864
0.020112455
0.02361092
0.023561463
0.023860674
0.026015986
0.025404604
0.03868346
0.027872713
0.028503744
0.025783282
0.032533392
0.02804131
0.032460544
0.02555438
0.02830546
0.022263557
0.033426955
0.048843212
0.034779534
0.026119418
0.03406836
0.031543396
0.030755613
0.028708465
0.032200966
0.028679334
0.0328582
0.047839858
0.03364812
0.026184341
0.02617038
0.0285386
0.027630433
0.027180156
0.032241397
0.03910244
0.025743393
0.021151897
0.034758832
0.022851292
0.027227454
0.02659775
0.03057456
0.020896388
0.027860288
0.04582116
0.024448607
0.029158473
0.025152402
0.028293017
0.026170064
0.025552025
0.027775317
0.030378029
0.034121968
0.030748779
0.024580438
0.025291901
0.03568361
0.029404022
0.028783502
0.024196856
0.031892076
0.029500134
0.03130681
0.025004134
0.02730294
0.030639458
0.024899984
0.018693045
0.021802397
0.024352152
0.02932284
0.02806909
0.04064422
0.02428376
0.029059503
0.027001865
0.028605273
0.02130239
0.03133456
0.033149444
0.029191736
0.033084184
0.033454232
0.023837864
0.021636762
0.02663156
0.026002109
0.026826702
0.02739209
0.02423416
0.026703404
0.025777914
0.02797979
0.025596872
0.024300726
0.026452478
0.028850129
0.025013778
0.028214414
0.024839597
0.023714777
0.034997005
0.023866544
0.023284113
0.026054401
0.025449572
0.032326873
0.022925338
0.044216536
0.029488986
0.028752668
0.026971579
0.022143412
0.025588855
0.021635352
0.024905447
0.02839111
0.029154714
0.032105826
0.03091804
0.024885422
0.043019366
0.025091816
0.033330984
0.02968466
0.027428811
0.026002143
0.028743558
0.02449363
0.022868946
0.024645781
0.026115038
0.026117874
0.027372457
0.028494991
0.024340961
0.027013171
0.02856415
0.03973812
0.023956003
0.024997244
0.02912591
0.026203418
0.03007711
0.03425954
0.02215353
0.030552164
0.025121495
0.03045389
0.029120386
0.026838483
0.025862549
0.028963527
0.030684315
0.023871731
0.02684898
0.0203828
0.019517176
0.024365157
0.028785508
0.03513345
0.029551195
0.032521598
0.023101266
0.033415183
0.029879259
0.02967554
0.026508255
0.026106805
0.03343478
0.030562028
0.023625143
0.022512255
0.02133425
0.028633507
0.025020737
0.025223047
0.029283997
0.027169228
0.037156865
0.02557151
0.025945865
0.031160127
0.02529218
0.029227152
0.03092457
0.022474818
0.027879477
0.02911003
0.027762916
0.04972537
0.025869172
0.029794682
0.023032099
0.02864739
0.021853926
0.02367623
0.03458796
0.024476087
0.021032088
0.02943172
0.024784487
0.034655344
0.030431608
0.032760195
0.02784418
0.023355838
0.022845473
0.037996203
0.025176745
0.021705478
0.026251994
0.025478708
0.020570107
0.023021907
0.027208691
0.027113987
0.020216733
0.023638804
0.027608288
0.027868329
0.025617275
0.03256382
0.02729372
0.02517147
0.028409028
0.03361075
0.03506186
0.03420297
0.0250238
0.028320182
0.026243797
0.025124516
0.03621746
0.026472509
0.024471039
0.022719778
0.019574523
0.031176511
0.02294885
0.024196964
0.024671325
0.024778202
0.03636568
0.024354547
0.029738758
0.02466226
0.027983978
0.02946554
0.026050245
0.019713935
0.02739397
0.02695744
0.0370269
0.04038453
0.022934318
0.02600376
0.027079236
0.025083251
0.044502825
0.021894153
0.027269255
0.02966062
0.032108046
0.021620685
0.025758322
0.03313329
0.03355006
0.024250079
0.025514036
0.024961043
0.040939473
0.024168417
0.036077604
0.027912326
0.026948001
0.025637887
0.02848654
0.027061174
0.021568835
0.028516915
0.02304212
0.027905177
0.03078648
0.032952946
0.024798498
0.02999403
0.027304739
0.026898898
0.031328604
0.023662612
0.024416741
0.024432447
0.030696416
0.040426996
0.029390685
0.030159688
0.027834872
0.031152278
0.022765469
0.026737789
0.025092412
0.031213682
0.031421714
0.021494623
0.03981641
0.026564822
0.024843775
0.026214503
0.025145514
0.03392064
0.026273865
0.029918894
0.024768751
0.026599977
0.027488718
0.026958346
0.03150535
0.02488726
0.029555855
0.02864071
0.023394981
0.021123063
0.035973996
0.032486137
0.026344446
0.021882327
0.023801029
0.021591257
0.026625928
0.023662008
0.020623561
0.026631707
0.024714919
0.028656196
0.024560245
0.02365977
0.02190053
0.026357386
0.020190723
0.025754323
0.030860972
0.01995538
0.028106466
0.029128043
0.024892528
0.026233012
0.023310136
0.038628146
0.027556177
0.032132424
0.029720971
0.02278962
0.027985863
0.031076267
0.03265404
0.027408939
0.02198445
0.024326317
0.027080119
0.023447182
0.028945953
0.034214765
0.02395927
0.021652538
0.028041646
0.02663734
0.03171762
0.02537719
0.026202148
0.028622143
0.022409217
0.03290938
0.026280623
0.042213365
0.029191513
0.029387873
0.029995296
0.029818054
0.026518729
0.031093087
0.0346966
0.024524815
0.03670029
0.02559327
0.025793638
0.028726984
0.025711272
0.033314377
0.020793082
0.029997164
0.024027385
0.037244737
0.028570395
0.021233182
0.030363373
0.027156008
0.027217245
0.024918046
0.03465215
0.030590141
0.024159906
0.03289508
0.035199508
0.020144856
0.028575188
0.034848265
0.020899935
0.025487032
0.029073793
0.024092346
0.03366045
0.025281247
0.025376402
0.02458712
0.02115222
0.03200517
0.027935613
0.024792114
0.025747892
0.025822245
0.021391138
0.024689995
0.033327367
0.024947487
0.022978753
0.024531435
0.025338668
0.025316715
0.032788962
0.02034134
0.03224715
0.020904284
0.024601815
0.023986934
0.0264165
0.025131922
0.0317102
0.018690132
0.032595538
0.030157972
0.02805878
0.031602148
0.02933682
0.03195411
0.02614446
0.021611871
0.03197235
0.025826078
0.03119992
0.023415774
0.039152533
0.021308292
0.025362115
0.022972507
0.01999554
0.03186705
0.027026648
0.02930051
0.019531352
0.027676478
0.028858755
0.036286317
0.021442486
0.033427723
0.028114315
0.025083225
0.0305911
0.023110136
0.026305273
0.02997354
0.021180846
0.02357678
0.023916218
0.026137713
0.03156449
0.026662324
0.032020055
0.023513826
0.023910359
0.029415052
0.021365214
0.034407996
0.026449326
0.023125626
0.019920629
0.024395315
0.02535725
0.023000477
0.032475248
0.022854287
0.032184042
0.019825287
0.026736956
0.028772887
0.023910515
0.018361326
0.020098008
0.025494583
0.020992601
0.028849136
0.021059351
0.024414688
0.02075059
0.02424282
0.028377635
0.02132126
0.022896906
0.02571766
0.016495487
0.022975873
0.02632957
0.029785164
0.033666342
0.030269448
0.027464211
0.025947448
0.029400002
0.022931483
0.030453227
0.02704632
0.028539367
0.034281686
0.03618914
0.024088196
0.029786345
0.026525024
0.031397916
0.025046796
0.026926422
0.024152461
0.024060354
0.028509412
0.02375751
0.031248277
0.028781904
0.024959639
0.033633344
0.022444628
0.02825757
0.02861327
0.026130628
0.03467023
0.0240191
0.01984308
0.028649714
0.025092606
0.02253823
0.024400659
0.022110857
0.025867209
0.02498116
0.02534135
0.025470799
0.020697422
0.03345325
0.029123688
0.032517783
0.028555812
0.0221721
0.029613934
0.021457009
0.024036556
0.026286658
0.021581084
0.025370698
0.03045984
0.024964863
0.02251214
0.028091172
0.019023292
0.04288595
0.025115132
0.03838534
0.02810467
0.027300946
0.023306627
0.027112957
0.022300001
0.026510451
0.024926294
0.021113811
0.027240645
0.035043202
0.025331704
0.034168452
0.022920884
0.035195537
0.017705355
0.028235666
0.027190333
0.03182644
0.024103355
0.023548821
0.01953365
0.033594757
0.02518988
0.032122195
0.025349831
0.024239514
0.03283117
0.021713587
0.029332165
0.022320732
0.028089557
0.031596743
0.026710369
0.026999708
0.030466389
0.024330137
0.024652265
0.02683957
0.033256114
0.03811
0.021881547
0.028337833
0.031551987
0.028754627
0.028082278
0.024751183
0.030460397
0.024360802
0.02080269
0.028108345
0.022850806
0.025340669
0.030291038
0.032849416
0.024230544
0.030022826
0.020430708
0.023512866
0.02311417
0.022304906
0.023201417
0.020193128
0.030207634
0.031720392
0.029617662
0.026605275
0.027853496
0.04188217
0.020136585
0.026989115
0.030539107
0.0337875
0.03159154
0.032712396
0.030246818
0.03096682
0.024847701
0.027705217
0.026850991
0.04177001
0.02726059
0.026993992
0.02979769
0.018665332
0.025017392
0.030137962
0.019659482
0.02732701
0.027878966
0.022998907
0.023492143
0.030416753
0.039036073
0.023360508
0.02070596
0.024833497
0.03352434
0.020641584
0.023855966
0.02315152
0.020059653
0.02217021
0.02219146
0.020802252
0.02923369
0.025785632
0.0331848
0.0370669
0.024758764
0.020246688
0.026434554
0.021118272
0.02704084
0.042825617
0.026600817
0.020457756
0.024215007
0.030062698
0.028079055
0.025360947
0.028825356
0.029706482
0.03072208
0.028732102
0.02007374
0.020917905
0.020678263
0.033614285
0.027195502
0.025722237
0.03952886
0.022301037
0.028638031
0.029293519
0.022888336
0.024006989
0.029392391
0.023359355
0.0330315
0.022042003
0.022560082
0.026072968
0.03098899
0.023155324
0.024713296
0.02843355
0.02763041
0.022217508
0.0177057
0.024318283
0.023900632
0.019429078
0.026317343
0.02845585
0.028304085
0.02135507
0.027589925
0.030013245
0.022957198
0.021689039
0.028700775
0.02144863
0.026725922
0.026438858
0.021573912
0.029620377
0.022639852
0.02130597
0.022805337
0.02282562
0.027708318
0.023484305
0.03007707
0.021009928
0.02649728
0.020955779
0.023482531
0.023949586
0.023975573
0.026280213
0.021423228
0.022499643
0.025356669
0.021278724
0.022849012
0.024891341
0.025532879
0.024684807
0.020015363
0.023648772
0.020403344
0.022986267
0.034513637
0.02815466
0.02506106
0.029618906
0.033086613
0.024609972
0.02778116
0.024605373
0.021759212
0.029856762
0.02124362
0.0272206
0.029410508
0.02989823
0.022217873
0.021016754
0.022680897
0.021204868
0.025564505
0.03335887
0.021334793
0.031982772
0.023692414
0.01926101
0.024257284
0.023098594
0.023170924
0.023446193
0.017892603
0.022954728
0.02888686
0.026348956
0.020366369
0.020975703
0.03623525
0.038355906
0.023836397
0.026254144
0.022879004
0.02592303
0.020784978
0.027637128
0.028049752
0.02254103
0.020835357
0.027610527
0.023792908
0.018217742
0.027343499
0.028420046
0.031015478
0.023453545
0.02391675
0.033049084
0.03207004
0.026087428
0.026620911
0.020504594
0.031507894
0.02258454
0.027601648
0.030959692
0.023572206
0.022877892
0.020556321
0.024290197
0.029675568
0.025438935
0.021860566
0.021316148
0.024616856
0.026156137
0.028529327
0.02947934
0.024802022
0.03579761
0.02612422
0.021123685
0.024862807
0.02921397
0.022375146
0.025591139
0.026451554
0.027456388
0.028035186
0.019585695
0.022252828
0.020783069
0.021624593
0.027583148
0.024232265
0.028405841
0.027930323
0.026269602
0.02145736
0.027592994
0.022513876
0.025846988
0.026789565
0.023648255
0.02791244
0.032564092
0.023336176
0.030685509
0.02651558
0.03306639
0.024636585
0.0303348
0.02131277
0.02098827
0.023480196
0.027220188
0.022053737
0.021293987
0.029813496
0.02253114
0.026565118
0.028398443
0.023956917
0.02538408
0.024031732
0.019626921
0.024488967
0.02374537
0.020462597
0.026912672
0.023725213
0.042282887
0.020330496
0.02369067
0.03765373
0.026703432
0.02758457
0.029010672
0.030530516
0.017562773
0.021959256
0.023356935
0.018168665
0.024116999
0.023944654
0.026612598
0.022857338
0.02390359
0.027931232
0.022901304
0.02432012
0.029348413
0.027807098
0.02713602
0.02155136
0.020142283
0.024663333
0.023833204
0.018526275
0.023862194
0.027179318
0.026225846
0.021492196
0.029632304
0.018454827
0.029079467
0.02539026
0.02986607
0.021589763
0.020304967
0.021833122
0.021251533
0.024159638
0.03925257
0.021209728
0.024015244
0.022128189
0.020000482
0.02462506
0.023057956
0.024651416
0.023778863
0.024036007
0.032035038
0.026758846
0.023340471
0.021052495
0.022127377
0.027953815
0.025631614
0.022768116
0.024869496
0.0291159
0.02316152
0.021717627
0.019083709
0.027211264
0.024124904
0.027586848
0.027834993
0.030117046
0.024879053
0.025600713
0.026560312
0.022648273
0.023362895
0.02084022
0.023656782
0.02439905
0.025747523
0.024640776
0.0260886
0.039725352
0.027552959
0.02526662
0.029721037
0.03282071
0.023969416
0.025915992
0.027361264
0.033804305
0.031394184
0.025758535
0.020250924
0.028191179
0.024270808
0.029665861
0.025277246
0.022683535
0.024304949
0.026405172
0.035360776
0.025835916
0.020413838
0.01958799
0.023607343
0.028533122
0.024874792
0.023867054
0.025510058
0.024997585
0.023484962
0.035008166
0.018596541
0.023403844
0.019597411
0.028583633
0.023556545
0.029156031
0.02564207
0.029116072
0.022153538
0.02074195
0.019446284
0.027760621
0.023034133
0.021410234
0.02407232
0.029528074
0.02321469
0.027892105
0.030213697
0.025263526
0.02644433
0.020112284
0.022818027
0.02500778
0.024447635
0.02578492
0.021292824
0.025962315
0.027873555
0.026740586
0.039790973
0.033039905
0.02313539
0.022255588
0.02620465
0.027236644
0.019807298
0.028928176
0.027489692
0.034912255
0.024402086
0.021305352
0.019536985
0.024431229
0.022535793
0.026311213
0.03058054
0.021960106
0.03699334
0.024558792
0.021294568
0.0330584
0.020648995
0.034628943
0.02150372
0.021114243
0.028084584
0.025762659
0.016272753
0.02961265
0.035294026
0.020243904
0.02647221
0.036372915
0.024425201
0.0314971
0.028347217
0.022685278
0.02728767
0.032804545
0.030090973
0.026709065
0.02870595
0.02340272
0.019407144
0.021189407
0.023174642
0.034381002
0.019396866
0.021448348
0.029276136
0.02680105
0.028832898
0.028511725
0.024104852
0.021190366
0.020067047
0.031120406
0.022318145
0.022193288
0.025250468
0.0237133
0.02973153
0.027275521
0.027186383
0.02577589
0.034406833
0.028298546
0.025180493
0.035682414
0.042598218
0.022242703
0.02225244
0.028856229
0.022468735
0.02051366
0.024334662
0.0238134
0.027415164
0.021127429
0.03142718
0.026205922
0.025745196
0.027375856
0.036553416
0.020506218
0.029706873
0.022844454
0.023797482
0.02051657
0.034779686
0.019507434
0.030207764
0.026012609
0.026256587
0.023575205
0.026427176
0.025027685
0.023225483
0.017085623
0.026690476
0.028657058
0.029613558
0.01799732
0.0271646
0.024469279
0.030329404
0.026167072
0.03268399
0.02123125
0.022898953
0.028737886
0.029492287
0.024800096
0.024611248
0.02747631
0.029319638
0.027714957
0.022322183
0.030908508
0.024992328
0.020246537
0.022894561
0.026211254
0.02382767
0.019302744
0.019949615
0.033073492
0.024756808
0.02496992
0.029181872
0.027141415
0.03503888
0.025864115
0.028214011
0.034016825
0.021317415
0.022609431
0.025029175
0.021377869
0.023541283
0.023735944
0.027930148
0.027939526
0.022040341
0.030522108
0.023390118
0.018759474
0.018645853
0.024943948
0.025762487
0.020958487
0.02862896
0.033715285
0.023454938
0.022113793
0.02859377
0.02809104
0.028380949
0.026619729
0.025795244
0.027419943
0.026703794
0.029184029
0.019426852
0.030399831
0.024718558
0.026919777
0.024525978
0.025440075
0.031616487
0.031777322
0.028149826
0.027277727
0.023275863
0.020531222
0.02228126
0.018914904
0.024698371
0.02435999
0.028197318
0.026122268
0.021502003
0.02421618
0.025847819
0.021362558
0.024550725
0.027733743
0.019050581
0.035428315
0.017375086
0.02531068
0.024330962
0.018882394
0.021481775
0.018276665
0.024477586
0.027123043
0.023654196
0.031427026
0.017537776
0.022895949
0.025454275
0.020963218
0.030196125
0.027241033
0.03171832
0.022866689
0.024940308
0.029395148
0.025823627
0.02741092
0.024166685
0.024628095
0.022395356
0.020635959
0.020554982
0.027521957
0.03135214
0.037388057
0.02489059
0.022139123
0.027647542
0.023274858
0.02154145
0.033177808
0.022265965
0.027344773
0.020167088
0.02835631
0.021703176
0.021996247
0.017726187
0.029092427
0.018604252
0.02138375
0.022927409
0.023712436
0.020265589
0.020931676
0.018695088
0.02203292
0.03056746
0.031664588
0.022100791
0.029449724
0.023948453
0.0201107
0.2671337425708771
0.26704585552215576
0.23462626338005066
0.2735621929168701
0.11292636394500732
0.1418047398328781
0.10226528346538544
0.10370642691850662
0.09953878819942474
0.08913014829158783
0.07538432627916336
0.07139712572097778
0.06240104138851166
0.07896792888641357
0.07242853939533234
0.07157497107982635
0.06262160837650299
0.051177069544792175
0.07438639551401138
0.07294536381959915
0.06284908950328827
0.058719877153635025
0.0694325715303421
0.060203153640031815
0.07038196176290512
0.07256565988063812
0.05587589740753174
0.04637424647808075
0.059088751673698425
0.06766468286514282
0.06049145385622978
0.055948492139577866
0.05615578964352608
0.0607372485101223
0.05451279878616333
0.06265326589345932
0.0587749257683754
0.054000332951545715
0.057145290076732635
0.05210365355014801
0.053296759724617004
0.05024022236466408
0.04440953582525253
0.0450742244720459
0.050870317965745926
0.0595070905983448
0.07259748876094818
0.05340231955051422
0.046094201505184174
0.0740034207701683
0.04991250857710838
0.04376184195280075
0.05334150791168213
0.058936506509780884
0.05786149203777313
0.05169948935508728
0.047112759202718735
0.05592247471213341
0.04005765914916992
0.0489584282040596
0.052150145173072815
0.05033654719591141
0.045322664082050323
0.04753391817212105
0.04898560047149658
0.0531470850110054
0.04445555806159973
0.05003451555967331
0.041490428149700165
0.052465230226516724
0.04492728039622307
0.04882368817925453
0.045903462916612625
0.05279748886823654
0.05343075096607208
0.05826297029852867
0.04708583652973175
0.0542030930519104
0.042936794459819794
0.041928596794605255
0.04514476656913757
0.04192986339330673
0.04431670159101486
0.05203462019562721
0.047884054481983185
0.05546034127473831
0.040439896285533905
0.052317339926958084
0.06148308143019676
0.04255976155400276
0.05233285576105118
0.03956422954797745
0.05415569990873337
0.04646143317222595
0.045602306723594666
0.04483090713620186
0.039396822452545166
0.039273157715797424
0.07784217596054077
0.051377758383750916
0.04732215777039528
0.04604332149028778
0.0391479954123497
0.05360082909464836
0.03850710391998291
0.04916241019964218
0.034937433898448944
0.04384557157754898
0.04174908250570297
0.04765894263982773
0.04671396315097809
0.04509343206882477
0.04977775365114212
0.04295552521944046
0.05589793995022774
0.04103817045688629
0.048346176743507385
0.045003753155469894
0.034661635756492615
0.04420870542526245
0.04633845016360283
0.040563710033893585
0.03572668135166168
0.03928118199110031
0.03918857127428055
0.038529172539711
0.036872413009405136
0.051861364394426346
0.04280036687850952
0.04032720997929573
0.04051414132118225
0.038628607988357544
0.04311034828424454
0.04944417253136635
0.04070844501256943
0.044565267860889435
0.041715241968631744
0.03360472619533539
0.044369712471961975
0.03601249307394028
0.05311226844787598
0.047899264842271805
0.046088919043540955
0.04144733399152756
0.04487000033259392
0.0411083810031414
0.043645597994327545
0.04004807025194168
0.05703279376029968
0.04392495006322861
0.04407336562871933
0.04021734744310379
0.04101021960377693
0.0309574194252491
0.05111441761255264
0.04340179264545441
0.04079817235469818
0.042969416826963425
0.0687534436583519
0.0462939515709877
0.03855515271425247
0.03674415498971939
0.0375787615776062
0.05188068002462387
0.04953252524137497
0.038160912692546844
0.03816387802362442
0.03671538084745407
0.05765419453382492
0.043837230652570724
0.03164305165410042
0.05688118934631348
0.03279164433479309
0.04509364068508148
0.04408882185816765
0.03255834802985191
0.035834647715091705
0.04078403115272522
0.04154607281088829
0.03650006651878357
0.043446049094200134
0.0339081771671772
0.04681217297911644
0.04824702814221382
0.044309429824352264
0.05461765453219414
0.043870069086551666
0.035395994782447815
0.061279647052288055
0.042783282697200775
0.042828984558582306
0.03519401699304581
0.0402422770857811
0.04614067077636719
0.054603591561317444
0.0432622991502285
0.04324571415781975
0.03647829592227936
0.03812607750296593
0.042341772466897964
0.03927687555551529
0.033413149416446686
0.04346100240945816
0.04507098346948624
0.05144090577960014
0.03514501079916954
0.03625090792775154
0.03504728525876999
0.037484560161828995
0.04528165981173515
0.048255108296871185
0.03668912127614021
0.041646599769592285
0.03645870462059975
0.03616189584136009
0.034694306552410126
0.037795644253492355
0.06198636069893837
0.041921813040971756
0.040636371821165085
0.050777845084667206
0.03821926563978195
0.04408549517393112
0.04805177450180054
0.041242726147174835
0.04166852682828903
0.051776058971881866
0.04076038673520088
0.07377402484416962
0.03315944969654083
0.03673665598034859
0.040427498519420624
0.03315449506044388
0.036545999348163605
0.03441981226205826
0.041030533611774445
0.03637855127453804
0.04367552697658539
0.03235471248626709
0.03127477318048477
0.04056844115257263
0.04222547262907028
0.044155579060316086
0.04895997792482376
0.030560119077563286
0.03799327462911606
0.05174172669649124
0.034387629479169846
0.03428550064563751
0.03185068070888519
0.044986650347709656
0.03633809834718704
0.03298848867416382
0.03810528665781021
0.04343458637595177
0.05757323279976845
0.030752191320061684
0.04934597760438919
0.04007914289832115
0.03778155893087387
0.04864218086004257
0.03163788095116615
0.04033960402011871
0.03760354965925217
0.03131617233157158
0.03814840316772461
0.035520076751708984
0.03907133638858795
0.03734268248081207
0.043046288192272186
0.03574178367853165
0.04643372818827629
0.04143321141600609
0.037763480097055435
0.04478059709072113
0.043997637927532196
0.03219328448176384
0.03713323548436165
0.03242053836584091
0.04006172716617584
0.034208282828330994
0.0416860356926918
0.03587701916694641
0.04119081422686577
0.03844061866402626
0.044420868158340454
0.03798890858888626
0.03596664220094681
0.03768260031938553
0.03988240286707878
0.05470827966928482
0.03775986656546593
0.035160135477781296
0.0297157671302557
0.033238936215639114
0.047969333827495575
0.03581656515598297
0.030299458652734756
0.040787242352962494
0.03322785347700119
0.03704407811164856
0.033813491463661194
0.05868874117732048
0.04004436358809471
0.035900335758924484
0.050528012216091156
0.05116499215364456
0.02745809219777584
0.040436115115880966
0.031078506261110306
0.035465843975543976
0.04276654124259949
0.03514397144317627
0.033283066004514694
0.048018887639045715
0.04277502000331879
0.03834277391433716
0.040995918214321136
0.03315375745296478
0.03301496058702469
0.040221717208623886
0.0331677570939064
0.04586886987090111
0.03016882762312889
0.0372062623500824
0.03121316060423851
0.043197765946388245
0.033935315907001495
0.03857305273413658
0.03949765861034393
0.03522795811295509
0.0324043333530426
0.04709798842668533
0.04226378723978996
0.0424487441778183
0.043884389102458954
0.03259096294641495
0.03416461497545242
0.051152028143405914
0.03814893960952759
0.0526309460401535
0.03505215793848038
0.03669121861457825
0.04175729304552078
0.03980274498462677
0.03727941960096359
0.05074921250343323
0.04739690199494362
0.03919418156147003
0.03487703949213028
0.039699308574199677
0.032783932983875275
0.04294564574956894
0.033728573471307755
0.029606612399220467
0.033948518335819244
0.035527098923921585
0.03262981027364731
0.03744984418153763
0.03580738604068756
0.038110677152872086
0.03507629409432411
0.041789524257183075
0.031637366861104965
0.030814116820693016
0.03865249827504158
0.03551097959280014
0.035386521369218826
0.03508710116147995
0.03856275975704193
0.03805537521839142
0.033383749425411224
0.028607884421944618
0.030247638002038002
0.03551575541496277
0.032733138650655746
0.04640642926096916
0.03329584747552872
0.031759560108184814
0.04390309751033783
0.04080789536237717
0.03205857053399086
0.04251375421881676
0.04186983406543732
0.03293503448367119
0.03704732656478882
0.031673986464738846
0.02735351398587227
0.051246531307697296
0.028997868299484253
0.02860364504158497
0.0388823077082634
0.03464756906032562
0.036508940160274506
0.04538462311029434
0.032612673938274384
0.025909580290317535
0.038181520998477936
0.03497054800391197
0.032026972621679306
0.03421485051512718
0.037939198315143585
0.03315490856766701
0.03709261864423752
0.03720761835575104
0.031839609146118164
0.030944447964429855
0.03550206497311592
0.03432723134756088
0.030273059383034706
0.032071303576231
0.0375397652387619
0.04595549404621124
0.03921635076403618
0.03820870816707611
0.034426480531692505
0.039706677198410034
0.030298009514808655
0.03472660109400749
0.04662487283349037
0.03738432005047798
0.03847600147128105
0.030888214707374573
0.032644182443618774
0.04638874530792236
0.03542030602693558
0.040564462542533875
0.03091420605778694
0.04225590080022812
0.035205356776714325
0.039763256907463074
0.035820163786411285
0.027640819549560547
0.04151676595211029
0.031189560890197754
0.04100840538740158
0.03636200726032257
0.034894246608018875
0.03589022532105446
0.03251093253493309
0.028352897614240646
0.04288461059331894
0.04115702211856842
0.026826076209545135
0.03295943886041641
0.039612047374248505
0.04418104141950607
0.02669503167271614
0.036019425839185715
0.040768057107925415
0.03532223403453827
0.033796217292547226
0.037242088466882706
0.03643452376127243
0.039791662245988846
0.038299769163131714
0.035121988505125046
0.03348344564437866
0.029288705438375473
0.026568833738565445
0.0337357223033905
0.05906909704208374
0.04547002166509628
0.030383437871932983
0.036973610520362854
0.03075338527560234
0.03658270090818405
0.05300787091255188
0.03436381369829178
0.037743184715509415
0.03894396498799324
0.03331397473812103
0.03210940957069397
0.032945528626441956
0.03359930217266083
0.03168339654803276
0.03377951681613922
0.029972335323691368
0.035175904631614685
0.038610875606536865
0.037125635892152786
0.04248885437846184
0.03511275723576546
0.04031582921743393
0.03911643475294113
0.03272836282849312
0.03224143385887146
0.035927142947912216
0.03212066739797592
0.041427671909332275
0.03989911824464798
0.032901082187891006
0.03417401388287544
0.035838011652231216
0.0319528691470623
0.04033275693655014
0.03692511469125748
0.034856416285037994
0.04603664204478264
0.03977780044078827
0.032557129859924316
0.02515086531639099
0.03792296722531319
0.032106753438711166
0.032710157334804535
0.03625063970685005
0.032738883048295975
0.0337492898106575
0.04112912714481354
0.0391976460814476
0.030243635177612305
0.03315400332212448
0.029187599197030067
0.03124549612402916
0.0344841331243515
0.03066963143646717
0.03053772822022438
0.043418481945991516
0.031124887987971306
0.03768410533666611
0.03867243602871895
0.03379150107502937
0.03384127467870712
0.0271878894418478
0.029893208295106888
0.030379725620150566
0.031027592718601227
0.04086370766162872
0.04227893054485321
0.038224734365940094
0.03836844488978386
0.03190050646662712
0.03247462585568428
0.02683916687965393
0.04365193843841553
0.030316254124045372
0.03758722543716431
0.03969350457191467
0.03779824078083038
0.029862727969884872
0.05535147339105606
0.027902331203222275
0.027779558673501015
0.030283331871032715
0.0520545057952404
0.03664688020944595
0.041092466562986374
0.035998232662677765
0.037915006279945374
0.030906710773706436
0.0314389169216156
0.02890428528189659
0.03317891061306
0.036223165690898895
0.03870584815740585
0.03708522766828537
0.03128655254840851
0.02592219039797783
0.027688052505254745
0.03724934160709381
0.03600781038403511
0.03214384615421295
0.03114183247089386
0.03559122234582901
0.030745413154363632
0.03223001956939697
0.03181902691721916
0.039233386516571045
0.03362094238400459
0.0297042615711689
0.03388196974992752
0.027504371479153633
0.03828056901693344
0.04211592674255371
0.033250756561756134
0.035180896520614624
0.04267198592424393
0.034156929701566696
0.030993208289146423
0.03102339804172516
0.03356746956706047
0.03794977068901062
0.02944587916135788
0.033419571816921234
0.03261388838291168
0.03374948352575302
0.031152255833148956
0.04276555776596069
0.043840423226356506
0.03985549136996269
0.0329103022813797
0.03488921746611595
0.03850255161523819
0.0316624790430069
0.03246656060218811
0.028201233595609665
0.031479910016059875
0.030273932963609695
0.042281173169612885
0.03009030409157276
0.03439142554998398
0.026446327567100525
0.027733977884054184
0.026356203481554985
0.03322082757949829
0.028604086488485336
0.03441896289587021
0.03500405699014664
0.029433012008666992
0.03840203583240509
0.02715567871928215
0.03150959312915802
0.0298941507935524
0.029850445687770844
0.029746193438768387
0.027832038700580597
0.037674710154533386
0.0302545465528965
0.028120137751102448
0.029610104858875275
0.032623983919620514
0.03734353184700012
0.03779246658086777
0.026849057525396347
0.032645631581544876
0.0348532497882843
0.03268873319029808
0.0343216136097908
0.028166046366095543
0.029813509434461594
0.040047161281108856
0.02916363999247551
0.027524033561348915
0.046748995780944824
0.07186848670244217
0.0354594886302948
0.027868907898664474
0.03237614035606384
0.03920789435505867
0.0293254554271698
0.029374266043305397
0.025762371718883514
0.03175569325685501
0.03494207561016083
0.025721926242113113
0.04412516951560974
0.0504339225590229
0.03877387195825577
0.042917683720588684
0.026492619886994362
0.031095631420612335
0.02751285210251808
0.04261045157909393
0.028493504971265793
0.031931959092617035
0.038399551063776016
0.034279964864254
0.027065033093094826
0.03011304885149002
0.025383517146110535
0.02652227133512497
0.04024410992860794
0.0245327427983284
0.03357793018221855
0.0360368974506855
0.032140858471393585
0.028240419924259186
0.04211901128292084
0.031060049310326576
0.028136707842350006
0.02698502130806446
0.032240983098745346
0.03414710611104965
0.03282927721738815
0.031395211815834045
0.029105180874466896
0.03245747461915016
0.030763275921344757
0.031532999128103256
0.038383934646844864
0.03493434563279152
0.026011232286691666
0.0403452105820179
0.025010911747813225
0.030542314052581787
0.04946389049291611
0.03050670027732849
0.03329261392354965
0.026251448318362236
0.03241478279232979
0.02748921327292919
0.03163348138332367
0.05840849131345749
0.029495447874069214
0.03725522384047508
0.032225385308265686
0.037626102566719055
0.03709042817354202
0.03342477232217789
0.041282862424850464
0.033560916781425476
0.029887309297919273
0.03439535200595856
0.03743340075016022
0.02660912647843361
0.030510900542140007
0.04017145186662674
0.05589599907398224
0.03981426730751991
0.03373059630393982
0.030284162610769272
0.027373015880584717
0.03028792329132557
0.02938137948513031
0.026819992810487747
0.03617342561483383
0.03640367463231087
0.03218395262956619
0.036287572234869
0.04036789387464523
0.03306213766336441
0.03189191594719887
0.029792102053761482
0.023439958691596985
0.02978413552045822
0.038721345365047455
0.039684172719717026
0.042604852467775345
0.027842797338962555
0.029295969754457474
0.036694321781396866
0.027682945132255554
0.033246345818042755
0.031900566071271896
0.03275405615568161
0.027415681630373
0.04028948023915291
0.029891859740018845
0.030551107600331306
0.03396096080541611
0.037534698843955994
0.029011618345975876
0.029647253453731537
0.03044821321964264
0.03409668803215027
0.0255704615265131
0.03221502527594566
0.03230924531817436
0.02690049633383751
0.04021439701318741
0.03366820514202118
0.04339391738176346
0.04220542684197426
0.02897215262055397
0.027670223265886307
0.029829759150743484
0.031095556914806366
0.026499927043914795
0.027966389432549477
0.03434848040342331
0.036008186638355255
0.030539706349372864
0.034751564264297485
0.027567289769649506
0.03262936323881149
0.03098532371222973
0.02979910373687744
0.03272223472595215
0.04035312682390213
0.03026116080582142
0.02802889421582222
0.03513391688466072
0.04094385355710983
0.047026265412569046
0.03066461905837059
0.027915440499782562
0.029015839099884033
0.025448661297559738
0.026676539331674576
0.030804874375462532
0.03400634974241257
0.04230127111077309
0.02588609606027603
0.030980637297034264
0.027929572388529778
0.025983428582549095
0.02967199683189392
0.04050368443131447
0.03595490753650665
0.028197260573506355
0.040783341974020004
0.03621823340654373
0.039006587117910385
0.032247286289930344
0.030298009514808655
0.02569741941988468
0.04022239148616791
0.03106538951396942
0.026093369349837303
0.034781936556100845
0.03343065455555916
0.033042531460523605
0.03862611949443817
0.03011663630604744
0.0315668098628521
0.031051307916641235
0.03936142101883888
0.028441540896892548
0.03079986572265625
0.03345514088869095
0.033343199640512466
0.02967028319835663
0.027436215430498123
0.03373449295759201
0.029204171150922775
0.024843862280249596
0.03542884439229965
0.024038203060626984
0.0338636189699173
0.02998281829059124
0.04572151601314545
0.02651829645037651
0.02777288109064102
0.02926645614206791
0.028402164578437805
0.03199625760316849
0.037665873765945435
0.030102679505944252
0.03812918812036514
0.03149524703621864
0.03739169239997864
0.03076755255460739
0.026902124285697937
0.03407199680805206
0.03499186411499977
0.03543535992503166
0.03058386966586113
0.02819328010082245
0.023461805656552315
0.022309159860014915
0.032543279230594635
0.06101126968860626
0.03313332796096802
0.044434916228055954
0.03706585615873337
0.052230462431907654
0.024759283289313316
0.03179704397916794
0.03277066349983215
0.03492970019578934
0.02958771213889122
0.030882252380251884
0.03261515870690346
0.026361797004938126
0.030980432406067848
0.03233835846185684
0.02943897619843483
0.03555333986878395
0.02765602618455887
0.03048902191221714
0.032346535474061966
0.028859468176960945
0.026347527280449867
0.033749934285879135
0.028020255267620087
0.030728185549378395
0.029004359617829323
0.03027532622218132
0.02713547833263874
0.03691171482205391
0.035987138748168945
0.030583299696445465
0.028402620926499367
0.029940975829958916
0.024038953706622124
0.025474660098552704
0.027981813997030258
0.046576373279094696
0.03430672362446785
0.027018792927265167
0.031768012791872025
0.03758704662322998
0.02921178936958313
0.037827879190444946
0.03274988383054733
0.026033543050289154
0.03237542510032654
0.040112365037202835
0.02640843763947487
0.026177577674388885
0.03359600901603699
0.03309733420610428
0.028764959424734116
0.026596875861287117
0.030100394040346146
0.037685465067625046
0.02606639638543129
0.028076283633708954
0.03226388990879059
0.024277498945593834
0.03372045233845711
0.028755392879247665
0.02866539917886257
0.03483427315950394
0.02725074626505375
0.03429475426673889
0.02901807799935341
0.02844121865928173
0.0313190221786499
0.03331439197063446
0.028744958341121674
0.03188334405422211
0.02980980835855007
0.03751257807016373
0.02652578428387642
0.042604655027389526
0.03303730487823486
0.027412541210651398
0.02764885127544403
0.028607763350009918
0.029046259820461273
0.030463770031929016
0.029887259006500244
0.0402456670999527
0.035226501524448395
0.04401996359229088
0.03252655267715454
0.029344385489821434
0.033169329166412354
0.03175080567598343
0.030529145151376724
0.03224046900868416
0.021511906757950783
0.026466863229870796
0.031008385121822357
0.025981351733207703
0.03141118958592415
0.027263479307293892
0.03494502604007721
0.0282294824719429
0.03415987268090248
0.027657169848680496
0.029704608023166656
0.030429307371377945
0.029274802654981613
0.028938647359609604
0.027722015976905823
0.030231239274144173
0.022644106298685074
0.03795738145709038
0.027335481718182564
0.026358554139733315
0.028004257008433342
0.02795642986893654
0.030544444918632507
0.02822992391884327
0.030834047123789787
0.029364708811044693
0.026775028556585312
0.03699216991662979
0.03374188765883446
0.02873159945011139
0.03317645564675331
0.022152800112962723
0.024383805692195892
0.023347165435552597
0.023240039125084877
0.030173715204000473
0.0295967198908329
0.03214874118566513
0.024581599980592728
0.031872332096099854
0.03185972571372986
0.027224434539675713
0.02901974879205227
0.030199464410543442
0.029128842055797577
0.03005947358906269
0.027568958699703217
0.025625163689255714
0.029461469501256943
0.025866776704788208
0.03295273333787918
0.030741363763809204
0.028546180576086044
0.027711886912584305
0.02541443333029747
0.02803136222064495
0.030713312327861786
0.02662431262433529
0.02558008022606373
0.033340029418468475
0.028863463550806046
0.034136395901441574
0.033408548682928085
0.023357946425676346
0.023115213960409164
0.027903331443667412
0.03257017582654953
0.030724259093403816
0.029648015275597572
0.025668252259492874
0.03155311942100525
0.030694618821144104
0.033328138291835785
0.027320992201566696
0.024707049131393433
0.030497945845127106
0.033273324370384216
0.026178156957030296
0.031395137310028076
0.042578697204589844
0.03284820169210434
0.02355308085680008
0.027461640536785126
0.03131513670086861
0.028416065499186516
0.02737773209810257
0.03139857202768326
0.028522003442049026
0.032505035400390625
0.025586655363440514
0.04444526135921478
0.035238150507211685
0.029203323647379875
0.04143919050693512
0.024025600403547287
0.026966284960508347
0.029867589473724365
0.03131939470767975
0.03219812363386154
0.02659420296549797
0.026643892750144005
0.03184491768479347
0.030531566590070724
0.033337827771902084
0.02710072323679924
0.02385811321437359
0.040894247591495514
0.02858944982290268
0.029159950092434883
0.025606608018279076
0.028664976358413696
0.030222587287425995
0.03493763506412506
0.03457265347242355
0.02702534943819046
0.03429914638400078
0.02624322474002838
0.023993993178009987
0.0430750846862793
0.03192203491926193
0.03471534699201584
0.026138991117477417
0.028625808656215668
0.027717730030417442
0.028330717235803604
0.026119552552700043
0.02377084083855152
0.033934883773326874
0.027305234223604202
0.02892390266060829
0.041258305311203
0.026349831372499466
0.02740481123328209
0.02849428728222847
0.030205387622117996
0.03253854811191559
0.03502175956964493
0.030188409611582756
0.027424905449151993
0.0342373326420784
0.03217989206314087
0.026888027787208557
0.027780521661043167
0.024750277400016785
0.03189229220151901
0.02374887466430664
0.025947414338588715
0.023719513788819313
0.027926983311772346
0.03517870232462883
0.03798773139715195
0.024190004914999008
0.022336743772029877
0.027293795719742775
0.0284342709928751
0.03294133022427559
0.02238587848842144
0.027053259313106537
0.02219245582818985
0.02326260320842266
0.03611583262681961
0.028016041964292526
0.027667846530675888
0.028736284002661705
0.02803647704422474
0.036912426352500916
0.025694329291582108
0.02626865729689598
0.02788114920258522
0.03524109721183777
0.025568561628460884
0.028192322701215744
0.03578867018222809
0.03471396118402481
0.022773101925849915
0.04421276971697807
0.02308821864426136
0.02887338027358055
0.030703755095601082
0.030041228979825974
0.027520719915628433
0.026350876316428185
0.043855540454387665
0.019429028034210205
0.024619832634925842
0.02781054377555847
0.02826988324522972
0.022833511233329773
0.028964461758732796
0.028591210022568703
0.026062000542879105
0.025704380124807358
0.02801002375781536
0.027675122022628784
0.030362572520971298
0.028292976319789886
0.026369895786046982
0.023048564791679382
0.025947891175746918
0.032262884080410004
0.028085164725780487
0.03734719753265381
0.030770841985940933
0.030260276049375534
0.023154281079769135
0.02527831867337227
0.04248332977294922
0.038119491189718246
0.033700522035360336
0.02720358781516552
0.021827824413776398
0.03449830412864685
0.026385962963104248
0.03783194348216057
0.027135204523801804
0.030841024592518806
0.027603892609477043
0.027793768793344498
0.029387805610895157
0.027230773121118546
0.023880232125520706
0.026328662410378456
0.02586248889565468
0.031937163323163986
0.03071175515651703
0.04372052475810051
0.027379732578992844
0.02746286243200302
0.023972162976861
0.03569389134645462
0.029033424332737923
0.02937287837266922
0.03212123364210129
0.029609521850943565
0.03744930773973465
0.024751484394073486
0.027653172612190247
0.05308103933930397
0.03560977801680565
0.021881911903619766
0.028267139568924904
0.028184302151203156
0.02602655440568924
0.03090040758252144
0.024357136338949203
0.040778033435344696
0.028821367770433426
0.028556780889630318
0.026079948991537094
0.031079523265361786
0.03491860628128052
0.025013834238052368
0.02913781814277172
0.02775111049413681
0.0251725222915411
0.025096658617258072
0.02974971942603588
0.030561283230781555
0.023520974442362785
0.03454647213220596
0.030434079468250275
0.02670341730117798
0.030191708356142044
0.02649347484111786
0.02533324807882309
0.028069134801626205
0.031153341755270958
0.034094057977199554
0.022422142326831818
0.02924257703125477
0.023107051849365234
0.031019389629364014
0.024024225771427155
0.02722538448870182
0.02978414297103882
0.026591414585709572
0.03593800216913223
0.0269230417907238
0.03379310667514801
0.03729238733649254
0.030208770185709
0.022832540795207024
0.03528020158410072
0.02791581302881241
0.02820829302072525
0.02956201136112213
0.03236681967973709
0.03182198107242584
0.03583084046840668
0.026119481772184372
0.029003366827964783
0.029460212215781212
0.02179071679711342
0.029187418520450592
0.02963779680430889
0.03612615168094635
0.04132797569036484
0.02874894253909588
0.021858179941773415
0.03255303204059601
0.024366961792111397
0.031053557991981506
0.030436072498559952
0.03267130255699158
0.041984692215919495
0.027611734345555305
0.030288413166999817
0.026537539437413216
0.027357306331396103
0.027896318584680557
0.029158927500247955
0.02313617616891861
0.04180529713630676
0.036357633769512177
0.026099974289536476
0.02377924509346485
0.03146000951528549
0.028913412243127823
0.030664164572954178
0.0309821255505085
0.02555401809513569
0.020023010671138763
0.024636227637529373
0.03526885807514191
0.028251461684703827
0.035643525421619415
0.028093446046113968
0.031647779047489166
0.031052691861987114
0.03486055135726929
0.03087749518454075
0.03719004616141319
0.019622690975666046
0.03432947397232056
0.03099183551967144
0.027472272515296936
0.024539116770029068
0.037581052631139755
0.02734319120645523
0.024683699011802673
0.029255634173750877
0.02705991640686989
0.030633486807346344
0.02228936366736889
0.03271903097629547
0.030170833691954613
0.024362657219171524
0.02520035393536091
0.028392668813467026
0.028444919735193253
0.02272465080022812
0.028288379311561584
0.034122832119464874
0.025876739993691444
0.02435537986457348
0.027590341866016388
0.02668437734246254
0.031946584582328796
0.029671654105186462
0.025724077597260475
0.026532888412475586
0.022597601637244225
0.02562563121318817
0.030249420553445816
0.0366961732506752
0.026405561715364456
0.030883219093084335
0.02907118946313858
0.02705763839185238
0.03336498141288757
0.027520980685949326
0.027284439653158188
0.03528250381350517
0.02603033557534218
0.023691996932029724
0.028007395565509796
0.03330864757299423
0.026942182332277298
0.030479375272989273
0.028808973729610443
0.03022245317697525
0.023703323677182198
0.022282354533672333
0.02443043515086174
0.03434783220291138
0.03231314569711685
0.0318661704659462
0.02772350236773491
0.025064941495656967
0.02693922258913517
0.02391839772462845
0.027143465355038643
0.04734252765774727
0.028353046625852585
0.024317558854818344
0.02463565021753311
0.04260227456688881
0.02757202833890915
0.022330697625875473
0.025775838643312454
0.0300896055996418
0.02799805998802185
0.034193605184555054
0.02762262523174286
0.030615713447332382
0.02424912340939045
0.029239747673273087
0.032194674015045166
0.028228458017110825
0.023361973464488983
0.029266485944390297
0.02620628848671913
0.03366262465715408
0.032490815967321396
0.03235848620533943
0.026891078799962997
0.02974076196551323
0.028389422222971916
0.25488054752349854
0.11354485154151917
0.14892345666885376
0.0807584822177887
0.08903340995311737
0.07951203733682632
0.06528265029191971
0.08625718951225281
0.08403363823890686
0.06720028072595596
0.0787036269903183
0.07953864336013794
0.06429815292358398
0.05386842042207718
0.08649501949548721
0.06408727169036865
0.059892844408750534
0.05404181033372879
0.05101149156689644
0.06346061825752258
0.05441918224096298
0.06465519219636917
0.10431510955095291
0.05153657868504524
0.05930183455348015
0.058994900435209274
0.0542866550385952
0.06097221374511719
0.04567650705575943
0.0452020987868309
0.05370113253593445
0.05290631949901581
0.0495893731713295
0.05622310936450958
0.04902534931898117
0.06204478442668915
0.05064726248383522
0.05430077761411667
0.044900476932525635
0.048731718212366104
0.05343841016292572
0.05362321436405182
0.05941378325223923
0.06295116990804672
0.054517898708581924
0.05916227400302887
0.0476936474442482
0.04953988641500473
0.05865754187107086
0.05918724834918976
0.04550143703818321
0.05038099363446236
0.050351496785879135
0.04567773640155792
0.04261516034603119
0.04383345693349838
0.05275998264551163
0.057072028517723083
0.04774916172027588
0.04582656919956207
0.0475941076874733
0.05023593455553055
0.05366728827357292
0.046073172241449356
0.04257061332464218
0.040019288659095764
0.05653952434659004
0.040658965706825256
0.044471822679042816
0.05312180519104004
0.040340058505535126
0.03491070866584778
0.04243539273738861
0.05351624637842178
0.045563705265522
0.04376271367073059
0.04019521176815033
0.04446949064731598
0.04545949026942253
0.04399988427758217
0.0375346839427948
0.0381961315870285
0.04666580632328987
0.0452500581741333
0.048032842576503754
0.043188538402318954
0.041570134460926056
0.03809303045272827
0.04123590514063835
0.04141195863485336
0.03858879953622818
0.05163676664233208
0.03639683499932289
0.05718044564127922
0.044607486575841904
0.05468318611383438
0.03683596849441528
0.03866853192448616
0.04840768873691559
0.04343939572572708
0.0380159467458725
0.043760746717453
0.044647783041000366
0.04556600749492645
0.041577599942684174
0.035778872668743134
0.041780050843954086
0.04708357900381088
0.0373009517788887
0.03393468260765076
0.036584869027137756
0.03723980113863945
0.03612935170531273
0.04321789741516113
0.048410046845674515
0.03651508688926697
0.05329032242298126
0.04251314699649811
0.03506133705377579
0.041720811277627945
0.06121160089969635
0.04106704890727997
0.04392863065004349
0.03823849558830261
0.03898454084992409
0.04144446551799774
0.03504019230604172
0.04580621048808098
0.09505985677242279
0.05271442234516144
0.03861250728368759
0.04868684709072113
0.040875643491744995
0.04702489823102951
0.041755203157663345
0.03577689081430435
0.03662169724702835
0.04229844734072685
0.037257611751556396
0.04443769156932831
0.03212612122297287
0.03938419371843338
0.039898015558719635
0.03550724685192108
0.0609259158372879
0.051700469106435776
0.037052176892757416
0.04190783202648163
0.04203353822231293
0.03772932291030884
0.04862836003303528
0.043385304510593414
0.040401771664619446
0.041212208569049835
0.045794516801834106
0.03470698744058609
0.04387754574418068
0.03856153413653374
0.04722804203629494
0.037834782153367996
0.06164129823446274
0.04706413298845291
0.03393656387925148
0.040535710752010345
0.04415960609912872
0.03659110888838768
0.044446464627981186
0.03948930278420448
0.0443619042634964
0.03720972687005997
0.03219473361968994
0.03613748773932457
0.03847220540046692
0.047776639461517334
0.04060601443052292
0.028854086995124817
0.034905992448329926
0.07218915969133377
0.03359494358301163
0.044363006949424744
0.03340691700577736
0.03700149804353714
0.05385695397853851
0.04037744551897049
0.04196079075336456
0.03829149901866913
0.03232210874557495
0.0395212396979332
0.038353148847818375
0.0363522469997406
0.030187571421265602
0.041069671511650085
0.0367891788482666
0.03608500212430954
0.02871083840727806
0.03215187042951584
0.04309461638331413
0.036410607397556305
0.03840739279985428
0.04511794447898865
0.034459203481674194
0.038021259009838104
0.046600840985774994
0.05139488726854324
0.053014010190963745
0.03713042289018631
0.03896347060799599
0.03956836834549904
0.03155214339494705
0.03545532375574112
0.05374987795948982
0.036422841250896454
0.044121574610471725
0.03488216549158096
0.035616133362054825
0.03595250844955444
0.033056534826755524
0.07700441032648087
0.04146125167608261
0.034972865134477615
0.03682376444339752
0.04051056504249573
0.043112561106681824
0.03770603612065315
0.03338111937046051
0.033751774579286575
0.0468728244304657
0.03984251990914345
0.03744077682495117
0.03531550616025925
0.03552260622382164
0.0555741973221302
0.03425922617316246
0.03626896068453789
0.04870786517858505
0.039303503930568695
0.03611382097005844
0.04309447482228279
0.02942129597067833
0.038551583886146545
0.04814547300338745
0.040223896503448486
0.03294592350721359
0.03670593351125717
0.0318656861782074
0.035568248480558395
0.035985298454761505
0.0510462149977684
0.03282792121171951
0.0439932718873024
0.050355732440948486
0.03902764245867729
0.030668150633573532
0.03788342326879501
0.03769389167428017
0.03744310885667801
0.041458867490291595
0.041966527700424194
0.03100079670548439
0.041293710470199585
0.03368556499481201
0.03142538666725159
0.03165033087134361
0.042051881551742554
0.031062886118888855
0.04283314570784569
0.03985104709863663
0.03737606853246689
0.04034258425235748
0.035395167768001556
0.03271950036287308
0.030522000044584274
0.047744639217853546
0.033541034907102585
0.0329967737197876
0.03982054069638252
0.0345752090215683
0.043209534138441086
0.04142003133893013
0.030526630580425262
0.03431814908981323
0.03888209909200668
0.03252679854631424
0.038706883788108826
0.03781646490097046
0.03585023432970047
0.036912959069013596
0.03558030351996422
0.02701525017619133
0.029564717784523964
0.04843329265713692
0.036847345530986786
0.03892277926206589
0.03876052796840668
0.04744521528482437
0.05004262179136276
0.032187316566705704
0.04607921093702316
0.03964962065219879
0.0486440435051918
0.03461012244224548
0.030894964933395386
0.03986028581857681
0.03688877448439598
0.03618611395359039
0.03888576105237007
0.03538765013217926
0.02794594317674637
0.02910524606704712
0.03704981505870819
0.03984823822975159
0.03451038897037506
0.04262871295213699
0.04752619192004204
0.026953406631946564
0.04390312731266022
0.03219926729798317
0.03081608936190605
0.03009910136461258
0.04045506939291954
0.041603781282901764
0.0390477329492569
0.039332568645477295
0.03385408967733383
0.04133540391921997
0.0331999808549881
0.03989049047231674
0.03883250057697296
0.035192012786865234
0.028841843828558922
0.02767757698893547
0.03463556990027428
0.031462155282497406
0.03897526115179062
0.06395487487316132
0.030314583331346512
0.04648900777101517
0.028395313769578934
0.0420963428914547
0.03416392579674721
0.044358886778354645
0.045966897159814835
0.03052915632724762
0.03955597057938576
0.03227789327502251
0.03672834485769272
0.029510747641324997
0.036771055310964584
0.027587343007326126
0.029035072773694992
0.036690130829811096
0.026411205530166626
0.031329575926065445
0.03857775777578354
0.030272226780653
0.03186909109354019
0.04892973229289055
0.03556229919195175
0.029941029846668243
0.04178456962108612
0.046881161630153656
0.03126465529203415
0.03297897428274155
0.03092939220368862
0.03386151045560837
0.03646485507488251
0.036627985537052155
0.03809121623635292
0.04475882649421692
0.036587897688150406
0.02789223939180374
0.03940211609005928
0.02882026880979538
0.02979077398777008
0.03361394628882408
0.03599519282579422
0.04042429476976395
0.037075452506542206
0.030154339969158173
0.03171746805310249
0.029261430725455284
0.0461278110742569
0.0285085067152977
0.03506242856383324
0.04141911491751671
0.03790163993835449
0.028803173452615738
0.03420799970626831
0.030938811600208282
0.05283677950501442
0.04139764606952667
0.035034991800785065
0.03278212994337082
0.03047892265021801
0.033296894282102585
0.029420293867588043
0.0454619824886322
0.027238603681325912
0.03142433241009712
0.03517599403858185
0.03324037045240402
0.023921016603708267
0.03285098820924759
0.03313245624303818
0.029457606375217438
0.042450085282325745
0.02630491741001606
0.029409511014819145
0.03405025228857994
0.03037395514547825
0.030916305258870125
0.02970878593623638
0.040407247841358185
0.0333319753408432
0.03149649500846863
0.035324085503816605
0.026051204651594162
0.03106311708688736
0.02798178791999817
0.03456771373748779
0.034914530813694
0.03067629225552082
0.03859952837228775
0.03595218062400818
0.04394230246543884
0.026642456650733948
0.03143155202269554
0.03746949881315231
0.024627700448036194
0.029627256095409393
0.035531122237443924
0.03176526725292206
0.038973938673734665
0.029057539999485016
0.041997142136096954
0.03225818648934364
0.030421949923038483
0.03356410935521126
0.030893508344888687
0.029166167601943016
0.023297006264328957
0.032469913363456726
0.028824586421251297
0.03325853496789932
0.03630044311285019
0.03954114764928818
0.031866490840911865
0.03441813588142395
0.033654551953077316
0.0360238142311573
0.03621360659599304
0.021694427356123924
0.03253834694623947
0.03208813816308975
0.03728049620985985
0.03210436552762985
0.02965216524899006
0.035432636737823486
0.038326241075992584
0.03250669687986374
0.032815493643283844
0.03222961723804474
0.02766767516732216
0.033379778265953064
0.03879809007048607
0.036323148757219315
0.03188255429267883
0.029214344918727875
0.03491929918527603
0.050615012645721436
0.034990664571523666
0.02495846524834633
0.025934649631381035
0.028613710775971413
0.034117624163627625
0.02586457133293152
0.03483285754919052
0.032881371676921844
0.0350862592458725
0.02699309214949608
0.026994958519935608
0.04745848476886749
0.029304660856723785
0.04106337949633598
0.04078592360019684
0.037528328597545624
0.03270288184285164
0.034084778279066086
0.032929252833127975
0.03316003829240799
0.040952522307634354
0.035857465118169785
0.033865105360746384
0.023918455466628075
0.036227062344551086
0.03460930287837982
0.032209936529397964
0.03580810874700546
0.02966264635324478
0.02622876688838005
0.03177857771515846
0.03470716252923012
0.030666427686810493
0.029992103576660156
0.033984456211328506
0.036129388958215714
0.042606890201568604
0.03328090161085129
0.027476396411657333
0.025660773739218712
0.0359731987118721
0.042034611105918884
0.026687655597925186
0.031017707660794258
0.02580571547150612
0.02948964387178421
0.029999976977705956
0.03329499810934067
0.03656909242272377
0.022423721849918365
0.03660394251346588
0.04553470388054848
0.035863809287548065
0.038976769894361496
0.035537149757146835
0.03141910210251808
0.0429491251707077
0.036430396139621735
0.02781660109758377
0.03513556718826294
0.0349014587700367
0.03284676373004913
0.028480425477027893
0.030206065624952316
0.02945871278643608
0.030617211014032364
0.025578230619430542
0.03622397780418396
0.026873130351305008
0.028279701247811317
0.025894509628415108
0.034945446997880936
0.03033493459224701
0.028478160500526428
0.023696575313806534
0.026936300098896027
0.03689161688089371
0.030458852648735046
0.043988242745399475
0.03129483014345169
0.02765021100640297
0.03107508271932602
0.02586054615676403
0.02662840113043785
0.0418836884200573
0.031177831813693047
0.025412701070308685
0.03206298500299454
0.029744073748588562
0.047016359865665436
0.028867388144135475
0.02834535390138626
0.035173192620277405
0.03508559241890907
0.03399958461523056
0.03249175474047661
0.029605893418192863
0.030906319618225098
0.02960001677274704
0.033827610313892365
0.04407854378223419
0.03388795256614685
0.03838497772812843
0.0295880027115345
0.03302617371082306
0.03355570137500763
0.032547734677791595
0.03752172738313675
0.02917926199734211
0.029465122148394585
0.02579418197274208
0.023778656497597694
0.022562462836503983
0.03403652459383011
0.026987582445144653
0.030680200085043907
0.036798145622015
0.030301814898848534
0.03465711325407028
0.029956361278891563
0.02930999919772148
0.02673383802175522
0.03836516663432121
0.0356416292488575
0.03401753678917885
0.03399001806974411
0.02602330967783928
0.029836254194378853
0.04645898938179016
0.038186751306056976
0.026272598654031754
0.04430483654141426
0.030992813408374786
0.020892642438411713
0.028021082282066345
0.026319455355405807
0.035081420093774796
0.031121401116251945
0.0376003161072731
0.03241211548447609
0.036223284900188446
0.025915678590536118
0.028202638030052185
0.030386539176106453
0.0322367288172245
0.03413401544094086
0.036248572170734406
0.04389464855194092
0.03573758900165558
0.028118032962083817
0.028524544090032578
0.02992834337055683
0.04435171186923981
0.029348431155085564
0.027488261461257935
0.029876770451664925
0.027262646704912186
0.03211431950330734
0.04815082252025604
0.030729323625564575
0.05753063037991524
0.029491081833839417
0.03349888697266579
0.028524622321128845
0.024207452312111855
0.27382344007492065
