0.03210032
0.022357393
0.01567546
0.0365151
0.027846988
0.023432206
0.018159144
0.02373483
0.024060411
0.024016332
0.02403033
0.020437522
0.025236726
0.022911947
0.022403955
0.026160479
0.024028646
0.0280581
0.030936431
0.024131045
0.028656173
0.03040246
0.022357546
0.027850915
0.02772757
0.035663433
0.026276425
0.024689402
0.024615731
0.021898711
0.016432172
0.021121142
0.016556377
0.027343027
0.02100704
0.023290759
0.02433877
0.02003702
0.025994673
0.024600811
0.026078278
0.030748656
0.0221874
0.021543128
0.023751233
0.019140601
0.03497901
0.028006326
0.021941822
0.025900163
0.020643737
0.021788927
0.020971527
0.025761552
0.025602655
0.028715976
0.03365004
0.027703885
0.019408908
0.02618694
0.01834524
0.030645536
0.02036728
0.021464733
0.021774685
0.02514098
0.026170425
0.024089526
0.021564722
0.018787539
0.031770114
0.020447066
0.021417493
0.020221915
0.025166597
0.021575043
0.03321814
0.0430402
0.022577094
0.026682187
0.025122756
0.028338578
0.02640055
0.03176873
0.040201828
0.025957773
0.03152313
0.027435157
0.023400553
0.018038861
0.020162463
0.02782945
0.020860925
0.034260046
0.030357981
0.02250762
0.025188804
0.020284006
0.027632572
0.020796197
0.027090287
0.023731507
0.021265801
0.028088287
0.020736523
0.034303088
0.027200185
0.02295025
0.02887476
0.021554375
0.020411253
0.030190986
0.021674795
0.02174507
0.025244227
0.017832085
0.025788568
0.029105362
0.02184691
0.026449049
0.037093222
0.022087118
0.016928501
0.024000762
0.02235848
0.018370148
0.026551716
0.039537515
0.021550585
0.024367062
0.034389008
0.026816558
0.02232024
0.023928124
0.028239282
0.028578967
0.026687963
0.021408718
0.02689729
0.024056729
0.022633322
0.019246817
0.02680865
0.025231471
0.02223786
0.018782046
0.026345983
0.020093214
0.027813151
0.027659899
0.027971132
0.02079221
0.022980925
0.025019258
0.02221881
0.018528469
0.021897258
0.020652995
0.018983372
0.035250165
0.017409671
0.024115156
0.024512386
0.02469736
0.039390363
0.017379824
0.022313828
0.021113938
0.02584676
0.023289163
0.021147959
0.022848705
0.03502457
0.029849058
0.023398189
0.026964916
0.026446776
0.03105618
0.021475054
0.018341733
0.0330706
0.027351938
0.028155152
0.033780955
0.02066976
0.021407584
0.024880564
0.019957062
0.02698373
0.025259357
0.023028096
0.029090952
0.027541507
0.020915607
0.025278438
0.022019964
0.025083307
0.022542823
0.018546768
0.017823026
0.020628922
0.02903465
0.022366263
0.01957149
0.025586536
0.028196018
0.036997467
0.01660096
0.028189134
0.021295063
0.024408683
0.019228764
0.03532718
0.023249399
0.024588581
0.025283456
0.020146726
0.020486694
0.028221808
0.023670625
0.022333585
0.02729087
0.023601282
0.019410213
0.017415352
0.018524855
0.031123415
0.022652138
0.022841416
0.022558121
0.025083162
0.021310043
0.03065813
0.027383942
0.022932963
0.024433509
0.025242897
0.02759884
0.031628616
0.02111059
0.022438489
0.026046492
0.025144791
0.023622535
0.021845251
0.021517389
0.020612486
0.025585998
0.02287722
0.023452861
0.027572125
0.02549019
0.01660633
0.020410191
0.049350888
0.027436268
0.023496835
0.03001327
0.021935087
0.023764748
0.033234447
0.019450251
0.022421066
0.027301652
0.025109246
0.030565951
0.018378016
0.025113635
0.022677809
0.020729009
0.03390485
0.026510447
0.025037972
0.024927877
0.022051558
0.02026167
0.02519948
0.020707782
0.0168108
0.02098509
0.021666985
0.037175603
0.025622869
0.021050518
0.02050264
0.024545649
0.02244817
0.022253886
0.017454792
0.03140509
0.018969774
0.02290637
0.020165846
0.020796474
0.01905042
0.019344004
0.029074669
0.025626883
0.02706993
0.026703471
0.020704698
0.019980174
0.02538903
0.023915125
0.024887566
0.025872733
0.021978451
0.02742605
0.016819818
0.020386599
0.020543851
0.02434543
0.025239939
0.022618689
0.038065117
0.026268281
0.032998487
0.020699097
0.030697726
0.01953477
0.025441647
0.028243236
0.025354894
0.023327967
0.01974935
0.02710571
0.030512914
0.020500205
0.023377124
0.036656205
0.02496713
0.029773407
0.027944684
0.020381473
0.02909994
0.0238058
0.0212521
0.023481138
0.03397358
0.032984342
0.03405337
0.021105371
0.03107344
0.027094785
0.029696565
0.030126909
0.023960095
0.024538515
0.03186252
0.025257148
0.019934503
0.024444398
0.019476715
0.01990619
0.022924546
0.020582777
0.016358657
0.023592025
0.019322146
0.017269392
0.041251298
0.03266802
0.02265697
0.022345487
0.027435051
0.022136338
0.026380703
0.020719672
0.021427218
0.019480161
0.04365327
0.024356492
0.021340616
0.018219803
0.023555905
0.023118626
0.019269494
0.022993298
0.027695052
0.017460275
0.020818688
0.018976366
0.024161562
0.018797439
0.027596522
0.032227874
0.021507299
0.020128297
0.023801163
0.022653863
0.041111916
0.016089335
0.01800024
0.037257273
0.019368649
0.024486799
0.02346734
0.021492139
0.02144314
0.03709673
0.03031892
0.02514361
0.022774521
0.025082573
0.037776854
0.02279365
0.020699766
0.025587313
0.030493233
0.019263264
0.029539634
0.017854653
0.030578334
0.03153777
0.02235952
0.02887351
0.026760574
0.02942848
0.018931445
0.020981066
0.026421936
0.019629093
0.029032588
0.025150351
0.031438757
0.020527769
0.021397434
0.022851378
0.020860659
0.038710974
0.02482773
0.030540656
0.027722394
0.019885188
0.021828972
0.019631727
0.02514978
0.0225951
0.019215114
0.021056186
0.021910075
0.017126378
0.041807998
0.03280206
0.02285849
0.02845547
0.032505494
0.024341457
0.02625474
0.025486533
0.02897797
0.024238013
0.022056397
0.021839296
0.01684703
0.02645396
0.018601602
0.022915497
0.021627467
0.026070341
0.02008784
0.028868824
0.029709956
0.028481083
0.028486174
0.027166488
0.019644411
0.023176
0.019331574
0.024408072
0.022857409
0.030335974
0.017408686
0.018438742
0.024741132
0.03143402
0.029421316
0.018018939
0.021510035
0.03039856
0.028364781
0.021852657
0.016128808
0.018744603
0.0327299
0.028395316
0.017324489
0.027226062
0.020840336
0.026569342
0.021874238
0.02447845
0.026973233
0.022556346
0.023090139
0.023273764
0.023347285
0.019990234
0.027696263
0.019082863
0.024040353
0.020504989
0.0272915
0.031309165
0.050198298
0.023525108
0.018826164
0.019510167
0.03363407
0.02687753
0.0306543
0.032957148
0.019774914
0.025224986
0.018357687
0.019345881
0.024843857
0.025327666
0.018801624
0.031297177
0.020630982
0.027062172
0.022506587
0.020232327
0.029764177
0.023158528
0.020748042
0.023782764
0.020116165
0.018983494
0.022122817
0.025795534
0.027306257
0.025114778
0.018195862
0.023251088
0.01682607
0.030301724
0.019761551
0.022068225
0.031184856
0.020086806
0.02579061
0.018820262
0.022301856
0.048429273
0.026896536
0.020840531
0.026240766
0.019517662
0.023764055
0.027743496
0.021492302
0.01722958
0.024379319
0.020027649
0.026807388
0.03020786
0.02738055
0.022262324
0.027793854
0.019953463
0.01727914
0.025089359
0.033861827
0.033235054
0.02874078
0.014715267
0.031361483
0.021401212
0.017824275
0.02077386
0.033512115
0.029206835
0.01674814
0.021893503
0.035708413
0.021349015
0.020366363
0.020160716
0.022220993
0.052332554
0.038083985
0.023838293
0.027420737
0.01810401
0.018744692
0.016091213
0.024867568
0.033169374
0.019731048
0.027236242
0.02913019
0.02536922
0.025808014
0.026637549
0.022890713
0.023133606
0.027621737
0.023420598
0.021592017
0.020668965
0.018599968
0.02209859
0.025785934
0.033284806
0.02006516
0.02202012
0.03724562
0.025752168
0.02568907
0.021801349
0.02096223
0.020567069
0.026467994
0.017719306
0.02754828
0.02235588
0.018556599
0.023271535
0.030547356
0.02530967
0.02012212
0.027376175
0.017750697
0.021517467
0.02011486
0.024420409
0.024877623
0.017939134
0.027482398
0.019650623
0.02362441
0.021385636
0.024825469
0.02888242
0.025930524
0.036818646
0.029687393
0.017030735
0.021841358
0.02335324
0.025896233
0.020959571
0.025910461
0.024724122
0.03612461
0.026423592
0.026302274
0.024798203
0.025086429
0.020824555
0.018505521
0.020573607
0.024400732
0.024998378
0.023165308
0.029920183
0.02081932
0.02593825
0.025021687
0.02056801
0.02343356
0.017955005
0.030050572
0.026817944
0.02781623
0.023215817
0.02995582
0.022390293
0.022955213
0.019109866
0.025980698
0.024487935
0.025281578
0.023148736
0.028925557
0.0173931
0.019981429
0.023222014
0.01936479
0.022372637
0.01809294
0.024925262
0.03017621
0.016019236
0.022601403
0.020902665
0.026947487
