6069.9985
2752.5552
1314.1151
1027.182
1109.294
619.24445
879.9921
740.5109
704.2855
582.68726
661.6345
478.60455
542.249
553.97406
743.2519
749.42847
538.4482
529.8775
873.1387
672.3733
634.0193
835.078
487.2426
569.1957
579.7679
626.6102
525.3122
499.35468
817.4607
678.3583
583.94086
634.9677
436.99457
351.56845
555.6591
514.25977
399.47055
470.49268
560.62805
601.9118
343.2975
394.23495
466.9729
357.72156
422.1266
318.78873
359.1787
373.27682
453.69006
614.42285
424.48737
297.54657
500.02588
479.87378
977.2143
380.95096
401.4755
425.113
426.0638
439.9797
461.2434
512.23883
529.0908
407.24356
481.9705
386.31424
715.76776
360.17215
353.0566
706.90784
416.32034
608.517
455.298
403.5636
459.21085
430.90604
484.39096
397.56937
390.05762
421.4047
393.00818
542.95044
315.82764
414.568
426.75146
386.15442
360.83173
575.16
690.25854
336.81488
328.99896
436.77026
279.48096
484.96603
499.8633
457.5355
343.4609
505.7789
423.27548
432.47308
385.56686
395.60916
325.5974
402.73645
347.6674
529.88464
246.83469
394.75388
336.09457
319.7617
349.04123
521.8892
251.18932
268.41077
344.2997
286.97406
299.6582
349.21683
399.0062
277.5698
343.03424
339.47012
350.2407
347.6598
556.7036
443.24213
593.71936
433.11783
380.19403
443.9537
296.4246
349.00793
305.79364
598.7924
401.5412
323.76938
298.60425
258.29852
420.58453
493.7763
373.65582
705.35065
355.45325
804.4756
368.2462
330.06055
306.45993
333.96317
485.50882
447.3533
368.37067
384.11
411.8139
271.60452
319.56247
357.23053
315.46866
276.0255
282.1737
309.26297
370.8407
296.82886
300.20956
405.38208
513.7209
483.15778
294.71976
492.1932
408.76236
247.84438
430.54764
259.144
345.69138
355.57858
450.945
327.73315
473.01257
439.61145
352.01035
320.77203
412.95105
317.4004
347.88245
306.34567
460.08154
344.009
398.86438
380.89926
423.2264
530.4214
263.4545
357.44354
315.9418
397.47208
297.13498
513.94916
376.1889
285.38196
273.80222
301.15564
265.03427
455.3762
310.08496
361.14386
340.2547
202.57004
281.97833
282.9639
267.53
267.43073
587.53033
508.78094
287.5834
326.1127
294.94904
264.80145
612.8607
431.1758
355.46152
272.9047
271.215
215.20648
295.31314
235.38504
306.79312
269.81113
481.24228
245.08162
352.7099
313.42
160.18475
266.1939
316.65033
301.35583
425.7594
221.642
205.66458
189.04677
264.9641
226.26189
221.81378
274.04166
513.94525
432.24344
210.00877
210.79959
300.9014
420.93494
298.37387
303.93167
444.4318
297.65756
266.64276
306.56918
257.41574
296.98962
211.15259
291.6882
277.8242
189.30833
235.97519
271.39728
328.1165
326.2816
510.54605
243.21486
340.44577
496.67554
190.42352
247.5929
338.03683
298.86563
480.36475
438.56183
270.1989
333.79065
277.92426
412.73135
298.11313
572.16315
375.90106
376.62943
322.39502
216.89111
247.5714
242.81088
296.82574
332.8743
288.87994
215.43646
562.76917
192.79347
321.78363
259.24872
308.55728
383.92978
295.10022
356.0238
257.25638
195.26425
265.1914
356.6243
335.5861
331.1537
365.31158
340.78503
359.0435
257.68872
299.87994
227.53413
625.8389
396.3668
333.2239
230.53644
305.03262
307.19324
501.42975
255.11734
241.0578
338.603
262.02197
260.85822
396.3447
223.75853
300.71097
371.65765
229.98698
266.67188
256.42834
284.0793
407.35825
250.99147
318.10916
265.53436
236.57858
308.37845
355.29144
315.3938
288.17197
231.0516
246.93713
224.5981
256.47052
235.44417
363.2156
275.57108
428.3582
178.99245
173.79129
303.61908
324.3232
196.30785
613.6957
373.7984
304.94495
186.50766
367.3506
151.82054
306.13602
250.87198
220.92323
312.75427
326.16144
279.1873
352.4396
315.92224
315.43677
290.40408
202.56335
354.99728
179.46045
237.66544
600.1801
205.28828
369.08017
340.86557
312.4029
270.4749
273.69952
266.46112
257.13004
278.41718
266.75272
236.99005
381.94833
275.17828
268.0326
279.2777
284.8758
165.6126
397.0421
279.85596
263.89514
295.46335
276.6504
177.38011
291.28976
215.32077
194.6411
287.2075
289.96445
282.71146
237.30943
307.10858
339.84314
313.85904
236.19035
267.75366
330.1027
254.41217
416.3585
265.7285
208.15508
318.64313
289.33316
199.14049
293.0163
265.47253
211.2331
259.7518
253.82234
329.95883
391.66895
374.08258
294.35446
308.03995
199.04234
156.15477
287.12
273.74704
245.05284
335.99234
238.24234
283.32852
258.7495
244.92484
298.77783
279.30457
374.04553
339.92905
220.09775
157.69289
426.39325
273.0107
305.64615
339.37527
259.22458
308.477
245.95132
299.94702
161.97568
294.24023
360.90427
311.6617
325.11688
422.4666
256.3265
180.62607
177.94882
359.87228
143.63667
201.80511
226.9019
238.89484
319.54922
231.46518
336.7703
309.91135
115.283806
252.75671
350.34695
309.1914
187.40637
193.52275
281.28766
272.20084
318.95453
221.32594
247.62894
186.8826
194.25229
191.34523
253.64514
218.94034
438.07587
281.30237
318.29086
170.66121
144.95515
246.40598
224.01297
191.78087
171.38417
253.8798
269.37442
319.86844
252.6654
180.07935
121.45091
165.07199
340.00577
215.80539
362.06354
336.80017
199.50758
188.66982
315.94586
567.66327
284.6161
205.88086
568.1403
347.37567
218.46825
312.98215
151.06757
267.75183
192.63817
196.19777
260.722
195.96378
228.64053
387.52084
170.29123
272.9803
275.68527
184.51054
178.67375
248.13245
253.44293
217.11057
219.63477
253.22418
334.668
210.07536
197.72324
149.60664
220.29875
215.14595
180.3623
231.49109
164.65698
427.77155
264.9606
411.99905
344.10898
285.2634
382.52884
272.55927
393.32596
179.69873
299.55035
201.19008
248.82393
291.52927
453.8375
256.96652
520.1059
288.14813
196.97281
200.84921
188.03
243.29066
234.72205
313.5256
333.25156
147.11159
300.69604
200.31844
337.6723
354.1123
209.47804
213.42764
215.68294
147.872
503.99927
146.94113
390.54285
147.44435
236.83498
138.32175
179.74254
180.02766
557.24615
149.19708
220.30544
193.85115
323.6901
295.1495
211.56258
232.83284
175.9005
298.58505
295.94357
210.36908
312.8514
187.65375
315.75305
306.65717
243.24211
228.52339
436.29852
290.71915
200.4616
229.45016
310.69473
347.24353
250.87885
171.16293
370.25146
239.31895
245.20758
281.54974
290.00073
238.08107
198.62582
331.45175
379.37473
171.0703
419.25632
219.25638
153.09099
239.60106
235.00748
225.52885
383.96326
429.88013
346.10944
153.71439
368.4572
305.26257
155.14638
140.70634
186.49803
200.20215
328.60678
304.8559
254.09416
312.13757
315.98328
175.80978
269.94678
214.10947
233.35712
218.09103
184.9398
179.81985
215.30634
301.82718
140.32635
460.64996
330.23096
142.81686
207.40166
284.6612
283.58163
296.1783
312.7164
235.50237
466.03088
432.583
187.69138
151.84576
189.8771
186.55843
203.11427
208.05963
243.07167
233.27808
162.20245
451.0187
259.669
231.58128
234.06319
356.23743
139.97908
227.04205
286.86844
241.2332
177.37013
154.03905
304.64258
333.46744
242.3311
183.10452
400.60535
289.38507
210.37535
216.86566
272.98822
290.45844
279.6739
278.52774
264.19464
212.27307
190.0105
153.07205
306.2778
211.87518
355.88223
162.61453
372.51703
307.8443
110.94819
232.13039
184.78044
293.7608
280.0832
234.6867
208.05467
275.28833
406.65134
148.01076
197.17552
151.2393
223.1796
381.337
373.66595
186.65198
227.50693
303.22794
282.45596
241.49258
161.61803
248.36111
286.58984
270.22855
179.0232
270.3435
313.08844
325.00778
183.26303
109.48786
292.25082
209.03853
156.17014
206.67085
283.93515
251.09811
185.35388
177.0565
196.18855
120.09436
244.46796
284.37045
274.57306
141.96996
153.14955
445.22034
369.0925
243.16882
196.58601
316.66223
329.61917
154.89665
206.57777
168.1987
218.40051
351.98923
199.87625
237.74637
339.277
341.3174
245.46425
188.10437
300.76746
190.80905
181.1883
136.79483
170.65872
366.55685
312.45474
229.5544
231.85211
366.14258
259.40585
149.3263
106.57492
255.03825
388.83664
234.30396
169.84634
353.57584
449.3828
178.57222
243.29327
258.93323
173.32796
448.69873
182.2269
237.85919
255.79904
138.59676
197.29701
198.2441
122.40949
255.60564
212.96696
207.96432
274.0583
210.80179
210.48036
168.75163
156.86267
233.28172
211.49492
177.18965
457.74686
246.62788
215.02097
143.94096
245.13965
266.86276
296.1181
295.38095
189.21922
331.43393
194.84805
255.05827
261.54514
186.4466
234.21422
184.64276
152.96382
169.7072
119.498055
438.41992
110.51864
247.5945
215.35915
189.27635
344.96094
230.19104
194.58359
338.97818
171.47318
99.45157
153.62265
226.15797
269.69443
268.6929
165.80261
200.77335
179.35062
270.17816
203.98245
121.09394
192.94324
180.34827
239.44519
146.82657
216.1762
203.52753
330.85233
230.79709
342.91586
328.98044
195.70917
178.79674
157.72212
340.0319
310.1581
307.48724
171.418
222.53049
198.91449
278.9949
363.1012
183.547
149.42632
384.2157
231.45381
180.95267
201.71414
197.68701
161.09172
236.9316
286.46347
193.47546
282.83453
361.2768
290.2835
176.80914
256.7211
238.96382
213.76462
167.94829
158.80826
200.69968
142.36832
272.24487
220.26022
169.45354
201.77914
336.04523
112.66552
215.8526
336.06546
217.39882
180.87375
204.83965
136.14624
214.48245
239.12985
292.6677
254.04704
260.3887
166.62674
282.9027
316.4488
182.40492
504.78268
200.43854
221.94266
171.99506
194.6438
183.7198
182.88191
241.62811
285.6026
123.70495
223.76657
158.60997
248.22545
175.53433
216.30827
230.00377
184.8456
203.05104
181.32187
138.98709
173.27922
290.90887
410.49896
329.14758
230.33199
168.65411
111.80848
200.52383
292.4197
224.45949
218.2674
169.6706
325.42688
284.71094
156.99873
181.66788
279.4142
162.54504
177.41414
228.93263
268.24966
185.5618
153.2758
213.54842
117.55869
312.88464
242.05435
113.68794
126.398636
210.6947
303.07736
264.59274
161.36995
322.61063
198.70404
135.29318
141.98404
266.4041
177.66885
257.31006
270.57184
209.25706
257.26553
193.92664
343.7511
174.19348
263.89337
128.80034
108.72061
135.57852
223.80006
234.4914
263.84375
406.04422
385.38107
114.25382
186.93816
451.90488
190.59488
237.98413
240.2354
233.37183
191.50955
174.33907
228.71901
239.6075
110.66144
131.8811
110.841255
307.61624
239.93884
307.2685
214.32945
249.46912
171.19688
182.3744
193.75418
125.20687
231.7405
211.14978
161.48105
263.6916
230.28207
290.9679
195.62769
321.41595
162.65358
300.56018
136.36641
218.98251
150.32147
206.71208
173.47806
232.80687
246.3048
214.50989
198.26903
288.2341
231.51016
209.45763
275.71756
243.11052
194.3075
210.56268
185.18315
300.6441
278.16876
198.54239
168.72696
209.41365
253.39783
306.37964
151.90414
199.44305
166.11775
190.6863
196.55327
157.9773
229.33089
199.11964
156.96461
146.28038
205.48029
169.20546
173.2767
218.4008
256.73404
207.4566
176.45726
197.67068
122.709885
244.53624
258.7225
175.5526
164.61597
195.61038
245.96951
212.42947
277.38123
175.57805
265.99817
228.38956
184.38232
111.350426
178.65428
247.24452
153.98346
265.01038
234.11142
203.52557
168.87741
250.76321
336.5951
232.85902
232.54211
226.02818
223.96284
184.20372
311.5519
262.02713
238.19359
185.07658
180.13078
183.03165
246.51471
169.41992
172.29135
135.99982
249.66492
268.31296
322.73685
223.6682
247.79686
194.76111
190.36119
229.15205
281.19418
242.50992
316.90533
167.5524
337.80188
164.44133
149.25352
168.24042
226.07524
313.36835
185.34402
297.31616
139.7252
185.5185
204.77757
180.9047
335.98688
211.72476
173.1454
182.38348
236.18088
386.11813
298.59357
160.42557
213.34497
146.4107
211.89691
479.33923
400.7207
184.42967
270.63666
192.6328
511.27838
286.08783
242.74318
394.6724
238.61923
201.14322
183.38828
279.74652
202.2567
196.38452
196.80893
247.8898
254.16617
373.06012
183.45505
297.4967
400.7562
343.65796
258.6734
265.48245
121.91505
150.84607
185.22223
258.05167
142.84302
205.24232
157.38953
144.70508
145.51764
282.68765
196.44905
208.18217
135.97482
130.49197
254.13374
376.63657
216.50351
301.1414
178.83897
171.52411
163.42136
171.60167
87.10658
138.50983
166.42992
266.9592
175.34814
238.17644
184.09572
268.88306
150.88179
136.68938
206.98785
136.44345
362.5752
324.77005
163.32759
234.72206
210.04587
184.32893
265.22778
178.69135
341.7931
292.97202
232.5315
152.19055
238.52205
190.51996
170.64613
292.61493
195.73863
321.61884
128.97435
260.033
123.72192
263.6579
185.69424
186.77205
162.04869
111.53127
116.05939
179.48701
200.49847
131.74643
213.32475
224.05215
258.95004
208.50748
252.41338
226.8977
250.20718
157.43777
109.3324
222.26077
159.84425
288.2433
175.04428
169.91708
181.1652
169.65337
202.77342
251.80925
279.10822
249.49982
238.8024
175.80959
355.5231
229.92955
210.38766
249.44196
220.38655
432.98874
128.18153
201.36006
187.34348
