4369.3027
1077.1896
969.0679
893.62946
709.7597
1015.05554
971.85535
745.3772
546.32117
862.3906
638.9444
436.55673
747.9037
481.3383
354.40964
543.2278
672.08936
515.06445
410.038
604.24567
394.35406
306.6927
517.6555
442.9151
421.63675
413.27615
428.85895
501.6102
378.30368
527.03345
570.7857
521.8273
313.22055
432.4166
414.4069
406.20566
390.44067
362.27884
422.8267
438.62927
319.771
510.6636
298.94745
912.89923
383.6879
378.2186
444.394
298.93964
316.2941
852.5392
432.1719
406.37015
343.53223
486.93057
461.29208
296.9934
310.11328
688.50726
533.24176
296.91913
376.9497
831.6572
410.6173
490.97025
319.18665
714.25
459.8718
427.38455
310.06662
524.92413
490.68423
285.3216
478.34085
303.9334
317.61
601.19635
544.0177
326.09814
590.00977
300.63998
690.23
258.97134
247.79797
315.47205
241.9739
486.52747
367.76837
488.40732
357.62112
441.33
427.49948
278.55655
345.98834
276.604
437.94827
429.27402
273.9087
385.9727
387.65793
353.2819
287.9252
232.0786
417.64154
289.77347
231.57417
342.25632
407.2329
710.8646
306.8662
579.2613
297.4341
279.49582
177.04356
227.54156
400.7678
384.5506
382.65915
459.22592
380.75784
287.82098
473.53168
277.30457
663.35547
370.37866
290.24945
348.66055
487.85934
285.29184
306.28577
220.34137
292.76688
173.7172
226.14912
306.08008
455.6578
258.6674
765.13916
308.94012
450.17984
320.96744
224.7784
369.0904
514.1262
396.99918
461.21283
289.593
320.5473
501.873
266.7083
305.08203
279.379
292.23776
397.9868
305.67062
301.27512
249.72087
316.90033
334.7211
233.18675
371.33374
354.6971
334.28806
460.22552
266.013
372.90283
339.6648
277.94257
346.9907
266.67798
328.68515
299.1321
316.35056
256.21628
644.2343
276.35406
369.12714
233.96738
302.0511
359.4619
216.9792
387.32153
391.56085
286.68506
312.22327
298.42758
968.0156
302.6121
281.75638
325.15814
334.85223
377.12967
222.09618
329.8337
191.38911
214.74194
177.8729
283.48605
236.00165
421.692
233.27031
252.56068
258.31836
191.44559
238.13872
268.63815
350.66306
218.779
358.65082
324.27374
235.77844
213.44722
546.6586
253.42868
346.40546
248.04709
1022.57086
315.79132
337.89838
245.09044
246.28052
291.81882
468.27084
169.33789
447.07422
328.5451
293.9231
258.63388
258.6408
217.5047
287.72482
244.94943
213.572
462.47324
223.63638
158.83101
338.31866
273.28616
278.31946
263.32156
290.58505
278.18857
286.76907
183.08809
262.12546
179.71135
191.75766
346.35355
165.31146
356.4002
238.77432
214.58086
292.4467
495.4486
203.2602
473.54736
112.9839
368.15768
253.11488
376.76968
200.15477
257.21265
214.30597
216.13846
216.9629
182.089
206.10397
397.37674
252.98952
249.81357
256.1051
175.48328
310.32117
252.5496
299.44995
196.15639
236.03458
265.14108
220.75478
235.50858
245.3377
268.51065
395.225
205.19527
521.2075
207.60992
235.22884
709.4108
269.80994
293.92438
331.51367
222.9526
465.81308
439.13766
258.7396
332.39932
215.96643
502.2761
237.86864
217.75154
402.64597
257.83243
251.63643
325.4088
230.1779
256.3208
238.52638
296.6293
293.7823
245.09708
232.1801
298.40808
268.08704
301.29556
232.94269
217.475
209.96124
216.9107
240.52654
244.47256
349.04712
141.81273
432.743
274.47736
426.0624
203.57614
378.1125
244.11577
287.2095
277.79077
237.53627
213.33675
204.8443
327.7819
209.97365
192.65239
522.45
258.98618
216.08673
234.70465
340.16797
371.90585
290.83667
284.46118
310.25525
268.1141
224.60556
292.34253
305.25064
289.67667
219.6442
332.92212
239.46222
294.53198
381.1367
259.73328
244.71188
216.33505
204.43704
209.72221
279.66104
229.14386
199.19409
263.0552
248.42464
217.63855
316.44525
200.58397
251.43694
186.14671
252.06189
174.69998
246.15251
456.03183
199.2861
239.91188
419.5439
187.51923
317.23175
233.10802
357.41205
183.58713
230.0092
157.6817
205.44112
281.2829
420.3394
228.33156
296.7792
137.48369
197.14285
235.00006
198.70525
209.88266
239.50087
166.76161
199.81526
184.15627
318.7807
194.95952
308.68307
265.27527
575.3557
227.59302
321.7007
284.5766
109.12264
110.82723
229.99936
176.47282
292.19357
259.02982
211.97926
192.82445
248.23195
238.81006
184.71309
177.90146
195.44937
169.13512
191.39233
192.82265
188.14198
213.27235
171.97035
214.54988
430.112
159.10132
167.4463
245.62753
200.0679
326.7285
235.15631
187.33904
374.95593
323.83658
191.45604
428.51016
221.03256
178.03658
175.64299
271.9647
211.81367
185.0187
165.74826
232.72461
286.25253
157.74973
191.4636
459.85913
431.66486
118.3463
215.26329
245.4343
291.4665
165.8729
221.49281
201.36252
222.45651
164.53964
346.71542
224.86548
275.07953
334.61224
336.16766
333.56738
361.62326
169.49557
258.1314
304.2406
153.93349
270.2309
175.37973
539.07434
219.68465
276.66373
152.76471
191.96007
211.97481
186.72304
151.56161
274.6609
218.24785
160.09882
209.40535
175.68968
196.75082
243.02899
267.96463
232.53775
204.00876
368.57986
331.00684
218.51573
219.59708
262.50232
175.83597
265.7464
293.6699
291.7468
365.20944
276.7661
320.93216
419.63126
197.56279
157.90385
278.8539
191.63892
248.35347
257.9222
170.70729
319.37894
269.7794
227.8079
201.34384
207.41043
214.77312
250.83684
135.7964
207.59772
224.78844
288.91437
347.64438
240.24535
305.41956
209.06061
171.34451
172.86136
134.06306
193.24455
231.14732
189.46143
223.80405
207.38625
243.46513
397.5688
203.47174
213.3012
256.54398
252.92796
210.60483
197.01988
269.63104
142.23904
420.10672
208.07196
183.64452
287.12653
201.72469
591.2416
215.90662
240.50168
290.31775
258.3476
304.40707
233.62317
311.1464
247.03279
292.46524
153.93385
292.78284
222.87134
253.86572
185.64232
198.36829
114.689644
234.47713
182.88506
208.77711
245.06844
169.22021
218.91733
163.38724
224.64597
316.9174
223.8579
152.48436
154.51324
143.15993
216.35736
189.855
149.40355
212.31142
532.5427
143.56393
190.54901
235.0735
268.9266
165.9844
196.05707
292.37244
224.3324
428.13574
144.21301
238.36319
265.70493
218.62569
146.37535
284.18002
276.4394
242.10378
173.49333
149.02742
288.16977
186.32616
205.11205
292.6819
275.4649
330.1458
170.8179
167.16899
248.7222
267.041
274.61826
239.57373
191.90588
339.17322
257.54147
198.21101
320.82565
254.90207
238.95218
415.75674
328.64362
286.97736
241.01405
292.69705
276.1271
231.72319
309.6042
252.15894
335.03735
225.22337
396.1699
416.2602
259.0752
281.04773
223.78123
265.42972
228.10999
250.57422
196.35356
298.19608
246.51007
213.99533
244.26495
163.49496
181.77922
336.2537
172.93736
239.04802
201.2075
297.21555
208.42084
396.79526
221.78941
249.31468
156.7353
219.72905
177.62526
275.73495
170.81769
273.64114
171.742
208.32646
201.80995
170.04903
171.4808
264.36264
300.02634
215.62186
165.10597
318.16452
203.9793
158.25098
201.02449
213.08636
206.44476
123.257484
229.43896
262.83743
189.25926
412.727
277.42316
183.19931
211.84526
170.92459
207.57079
222.28052
190.93933
237.15198
187.31068
256.38895
175.9252
222.63875
235.9178
444.2547
182.67432
185.38756
191.67862
260.04755
205.66391
237.48538
185.40799
268.43686
186.19063
204.20102
194.01808
156.35338
229.22101
166.33257
220.58435
224.95383
195.6276
214.33957
104.20578
188.20822
254.02075
178.51016
298.16348
177.13495
180.82129
256.3052
320.11334
253.90752
207.80283
296.20224
288.7513
435.32697
191.88942
253.71944
297.2466
208.19215
185.35869
149.17834
217.70541
200.60352
300.0528
124.50833
172.28192
154.86467
99.52433
293.72968
250.33157
240.8267
129.98271
171.76704
232.96611
141.2564
148.41377
233.00099
349.58084
522.5642
181.52132
114.85898
213.6685
198.34872
610.64655
231.08553
164.79648
194.1682
175.70326
256.1896
206.95103
263.03098
141.02005
196.05524
165.57121
194.96402
211.63133
149.6721
199.74478
252.2582
208.3316
267.63644
212.29234
152.98686
196.14845
147.85167
187.10442
165.05452
271.2343
165.45784
284.16342
116.39077
181.73157
193.54521
235.31499
256.22232
307.35745
252.58302
191.65558
298.32333
242.79227
272.95294
164.17854
273.32852
246.05798
381.5693
316.61337
292.9306
452.65762
169.74615
233.10735
211.89224
171.605
196.16092
357.7147
196.27411
140.49312
252.42984
135.26921
218.92232
218.05151
295.00415
209.37567
155.78993
153.16275
151.88048
412.01108
193.90211
189.40254
277.0856
202.62006
235.88762
187.43863
190.60481
147.14359
193.51965
189.18265
279.303
274.80527
107.47445
227.61646
303.54736
96.18271
336.6878
255.28168
403.74756
273.13757
200.67175
292.95294
154.3893
170.11801
323.47766
216.50397
195.6355
177.32376
115.15155
172.21835
215.40005
167.41217
140.59033
169.91461
193.93024
214.09456
163.99387
275.70392
705.5074
147.59515
174.23975
151.28192
160.64917
173.063
201.58315
177.66438
142.73886
195.35266
166.932
131.3023
151.19167
233.72934
167.44316
318.76572
274.0092
189.82867
267.41635
135.62355
118.423996
268.34964
171.82957
265.69922
349.91092
231.36397
261.7743
190.06645
286.549
180.06331
280.45547
131.87149
231.01276
167.52031
181.44557
188.60583
255.71988
140.63135
156.62854
174.56313
264.23438
161.41885
116.555244
152.84456
226.05443
195.0704
184.54906
148.05138
121.23504
130.51418
230.06271
265.429
216.69519
201.58067
216.07695
170.98027
315.81747
218.64613
288.41257
214.08983
221.14804
237.40833
251.02457
206.11769
139.79214
214.91035
135.72598
207.17969
176.97351
296.39017
270.88837
200.52496
131.82497
177.9613
301.5966
220.32347
251.01393
223.54277
201.82407
167.58229
200.48569
257.1347
256.48816
365.13824
317.65564
151.3371
176.1532
160.15724
354.36383
224.78008
105.30792
108.238495
198.01553
264.6138
220.44186
184.30844
114.8254
235.24876
130.65398
128.56204
160.01819
112.39975
248.10771
325.1487
242.5449
255.71547
136.3628
190.81726
262.6398
150.96817
278.3597
143.74388
196.87868
208.16623
184.4189
170.36095
226.48582
211.05252
301.22525
300.15005
192.80702
124.6789
150.35866
235.21172
318.22253
232.69922
92.87048
162.36339
169.40016
184.42339
124.773125
119.83742
190.05115
127.89395
225.09149
170.37958
120.43364
222.85393
103.14883
135.82504
316.23755
195.32323
134.60216
259.38272
146.54355
238.73296
358.15836
219.04733
140.08495
118.47762
140.72343
147.68303
175.15495
268.55447
255.30351
207.66669
245.6181
136.53465
241.3714
485.6271
257.41183
253.39171
194.58888
171.5017
158.28607
237.00035
288.08902
169.82156
147.94374
224.0767
337.26968
180.3278
165.47995
154.49472
150.43971
239.7565
161.45676
218.74677
187.0289
287.20612
325.0248
201.4857
205.82735
135.31012
297.40225
218.23296
138.14488
447.9136
179.11908
410.1091
285.89984
256.63333
137.86734
137.29698
507.54895
169.01942
164.78157
224.95912
449.9273
276.4814
166.60826
299.7301
166.74689
149.48602
190.72389
129.38295
203.90088
185.9611
330.22284
312.40793
242.78522
158.09981
154.67871
141.8981
168.57268
139.77272
171.81339
140.39049
194.60901
289.51456
155.87807
217.48607
143.54965
119.583046
140.50105
205.35059
104.28362
143.10378
453.2967
447.49908
218.01877
169.11015
273.08246
209.95963
209.22777
223.69737
133.67848
188.82497
168.29468
176.16077
111.46922
152.1786
183.98369
170.63043
178.84283
279.40686
193.37296
308.3744
227.6783
157.21353
83.42509
172.97417
294.1343
217.28874
126.2091
255.26796
207.32065
288.19632
171.82283
152.07628
225.43553
150.1209
249.38335
184.30869
226.95918
157.3045
351.19885
209.88063
133.66167
214.27304
181.80702
196.85988
144.28209
205.9889
223.99667
564.36127
213.66571
191.81885
215.86757
146.95346
124.98779
267.9914
117.86839
141.0809
203.5701
143.11696
121.081375
159.22023
154.70541
212.5072
190.4886
315.2739
129.71541
185.75374
263.4441
154.3967
140.99565
195.19615
243.5621
197.88364
245.32045
188.02661
247.40034
226.56482
220.80016
230.41364
111.69387
193.6889
365.657
118.28499
157.54262
165.92125
211.14403
167.2304
167.7389
194.69695
114.31469
232.19211
132.94609
147.70375
118.42083
288.67102
450.0886
161.61282
162.66974
182.04
147.96097
164.78761
112.982994
220.11382
209.59384
219.79898
90.73595
224.25624
162.37996
152.82306
179.34999
253.88654
176.44896
119.02338
137.47612
174.32668
325.36392
200.2078
221.5363
203.81802
227.67754
193.19385
159.30444
154.8598
129.89969
76.73949
213.80576
111.24586
266.4333
152.54959
304.49796
141.80508
153.6879
145.34045
166.91446
155.2327
142.51093
141.88138
149.90723
123.90844
154.43982
248.22127
243.1131
267.5916
283.55063
146.6503
197.74847
158.33191
167.76006
467.72418
174.5545
274.6764
170.4747
180.82709
142.15193
135.32538
186.07922
141.04031
125.93519
260.1647
139.62549
258.873
150.36221
170.4603
104.75371
231.61833
228.26515
130.73116
160.08446
95.179
4550.4316
